0.39499807723543151,0.033083874754498158,0.56750549678860041,0.0044125512214701805
0.38881287582747182,0.097203218956867954,0.41233569245748719,0.1016482127581731
0.42582913247325632,0.082781257312703194,0.468483200511842,0.022906409702198514
0.36127355323698374,0.057444396915193249,0.56317128893290402,0.01811076091491904
0.88310388137745166,0.044673846937065984,0.064697253201960694,0.0075250184835215696
0.26782778312544558,0.028960694271054577,0.65642217467881336,0.046789347924686545
0.48186404341664363,0.1562469838654782,0.33418370434786965,0.02770526837000863
0.32031329683920312,0.045801434527340125,0.55746135586326584,0.076423912770190838
0.50848958459983451,0.12712239614995863,0.32525644478038451,0.039131574469822288
0.4853154328579587,0.12374726632237756,0.38861360652773769,0.0023236942919257803
0.31918376724412278,0.11823844098178687,0.55815025685219077,0.0044275349218995336
0.76859509811134119,0.064294473946753916,0.16235033729491036,0.004760090646994045
0.59239732741381068,0.075267066740072081,0.3088982591517756,0.023437346694341568
0.25917058383244773,0.064792645958111933,0.63108035530220852,0.044956414907231755
0.49960912058216628,0.054328276933377391,0.43461128107606767,0.011451321408388648
0.68935141304306924,0.087869228304629926,0.19710957817081215,0.025669780481488626
0.41825668382445508,0.17860367822615211,0.34487931179265113,0.058260326156741704
0.76121201303796027,0.13271562562051514,0.075530720988184322,0.030541640353340203
0.31455374000173958,0.078638435000434895,0.5660896366037913,0.040718188394034197
0.64884746563866103,0.11759613490728972,0.20838316453943959,0.025173234914609877
0.7492677028415613,0.069928483193931912,0.14609932453237312,0.034704489432133535
0.69110510471150877,0.07602284348880832,0.22230363530193978,0.010568416497743215
0.66375990069798541,0.07330023564735029,0.25670468509895533,0.0062351785557088436
0.46448815209957345,0.11057769454979501,0.41706541737101405,0.0078687359796174722
0.44395883322465091,0.065523363093754547,0.47261160514159467,0.01790619854000023
0.7451455707967074,0.097654920976389906,0.10846248955379015,0.048737018673112663
0.29924403849791409,0.062096222826814082,0.60214343689493866,0.036516301780333105
0.25844140553948586,0.028808202201480157,0.67295664113315734,0.039793751125876485
0.46593369590092887,0.052850599567107776,0.45280070792311194,0.028414996608851287
0.53296909086012334,0.13324227271503084,0.25202486445404942,0.081763771970796373
0.60084409195919353,0.070916104955760839,0.32259858702866567,0.0056412160563801992
0.53709038846600132,0.13427259711650033,0.29352476715321335,0.035112247264285176
0.2144024894371436,0.14293499295809575,0.58701232393145353,0.055650193673307237
0.54958612242858607,0.075305609278908572,0.34494924989137832,0.030159018401127197
0.30865589453271819,0.12313561470317738,0.56024908277650098,0.007959407987603466
0.75458961022570747,0.080868524982366616,0.15363869249814208,0.010903172293783864
0.35204178127101848,0.047318295326775707,0.57185062480790927,0.028789298594296551
0.67981216910868025,0.1358552839195919,0.17734855877530842,0.0069839881964195846
0.2841815514768663,0.059327852703530644,0.62831498922480344,0.02817560659479966
0.43200735190265194,0.085348989269542916,0.47415632082312864,0.0084873380046767456
0.49097308549460927,0.068509730567578433,0.4252471325286919,0.015270051409120456
0.47528062392699855,0.31685374928466575,0.12056066383488181,0.087304962953453885
0.53146435689721616,0.083854326969525134,0.37786096836305705,0.0068203477702016386
0.46981229818261833,0.060792770829362575,0.46139439890481598,0.008000532083202944
0.40613124093802239,0.1015328102345056,0.43828699891820372,0.054048949909268208
0.6207307355455165,0.094119109724107225,0.28140218524757654,0.0037479694827991265
0.7839219901190988,0.067260922942599111,0.1387274548431969,0.010089632095105203
0.59778070555244933,0.090275050760020278,0.26947536524487548,0.042468878442654762
0.2477036383842392,0.072406783982367134,0.66606063384845493,0.013828943784938831
0.32068698199614931,0.16598751038799828,0.47891613877849232,0.034409368837360128
0.4156549044529399,0.078709856032109671,0.49773055289038198,0.0079046866245684032
0.51869773412122455,0.087329437631670545,0.35656373863979524,0.037409089607309542
0.28515261615644838,0.11862663022007153,0.56791308655966333,0.028307667063816658
0.34935478091378525,0.087338695228446311,0.51282361932487386,0.05048290453289455
0.70696243776462198,0.082714319473518927,0.15391174435968499,0.056411498402174132
0.70650301174405095,0.17662575293601274,0.083157666363207969,0.033713568956728418
0.64543227836221806,0.099431147648625678,0.25239680187970354,0.0027397721094525053
0.5266649668750949,0.052562994889074066,0.39006795375865938,0.030704084477171767
0.51283263649422728,0.12820815912355682,0.27592995046809543,0.083029253914120457
0.32758171090632737,0.15868915690001098,0.47985827322161534,0.033870858972046169
0.66744517492164313,0.05574761351227376,0.22461554722710111,0.052191664338982043
0.34748467460354127,0.074169024441531103,0.56873326074262542,0.009613040212302212
0.36299841176722003,0.038363266036969552,0.58556942736459561,0.01306889483121473
0.27213132803831347,0.12677391950681555,0.55522208848109689,0.045872663973773944
0.33608277796159286,0.084020694490398215,0.47586363071585869,0.10403289683215021
0.54782377899364265,0.074948072071816585,0.37384144881172426,0.0033867001228165337
0.26270536052701954,0.074237378710318186,0.64773777670535027,0.015319484057311927
0.51652371636309236,0.10312351968526423,0.37066505872977723,0.009687705221866209
0.74372884712084852,0.049416324036482134,0.1997457349972549,0.0071090938454143058
0.52823116756252808,0.099781503380728054,0.36397798725065089,0.0080093418060926437
0.36003022997922174,0.090007557494805435,0.40300842492027544,0.14695378760569741
0.62006799149354486,0.07901976659084943,0.25439054234199604,0.046521699573609597
0.45900427621631318,0.047980354196603854,0.48522174035060162,0.0077936292364816128
0.42066117129680036,0.10516529282420009,0.44903012104940576,0.025143414829593716
0.6164288327059515,0.11556185256511746,0.22424387122237355,0.043765443506557415
0.56187995003289903,0.022432296168326191,0.40588962035241327,0.0097981334463614293
0.83519186542043344,0.038012152109060476,0.11864613044121786,0.0081498520292880103
0.23838134926856319,0.083629326891642805,0.67435710171333696,0.0036322221264572328
0.6911550743971786,0.1048239190820571,0.17626946854625949,0.027751537974504668
0.39156409026260014,0.079852093909541622,0.52051584741206092,0.0080679684157975128
0.38438057516378238,0.22199851136493823,0.36907719716120918,0.02454371631007041
0.72899406793338561,0.1822485169833464,0.048945142964685287,0.039812272118582896
0.55147703555868988,0.060860682602477838,0.37919216185587767,0.0084701199829549829
0.29669249776243667,0.11767029649123026,0.53265148240647242,0.052985723339860562
0.67367273071331124,0.033271946701771506,0.28441711477134868,0.0086382078135686397
0.46858670658808155,0.17161882775231876,0.3559569920056142,0.0038374736539850598
0.35364383662338472,0.049220902040792429,0.57323720855137261,0.02389805278445005
0.39662186380406222,0.099155465951015556,0.42226905915449775,0.081953611090424539
0.40867332837687864,0.039725543531996421,0.53529580634864116,0.016305321742483742
0.68597712601295069,0.094650813234788689,0.21582825850155096,0.0035438022507093907
0.51281040877519091,0.0,0.43893170601792697,0.048257885206882137
0.31729163330376109,0.085956885574669753,0.58503846322528019,0.011713017896288961
0.67412651993722839,0.059183266271979791,0.21509401490360663,0.051596198887185182
0.58729821293942275,0.14682455323485569,0.211492403133787,0.054384830691934498
0.51363290596840183,0.12840822649210046,0.31990658400173461,0.038052283537763062
0.37671054954699118,0.1172072351245881,0.46975798970274524,0.036324225625675596
0.51223327701376065,0.12805831925344016,0.31796982701985815,0.041738576712940956
0.32855493528675211,0.04021215834413263,0.61604249404084865,0.015190412328266335
0.5034991120151332,0.25230869873116041,0.21772659587673779,0.026465593376968591
0.41356719262826558,0.13482730362999934,0.44378151947450128,0.0078239842672336631
0.24151595979433652,0.092540711806682607,0.65753960500814435,0.0084037233908362784
0.49075304478487453,0.092844642634990759,0.40457288128442453,0.011829431295710005
0.75624774655163851,0.12934301577544036,0.081420612469498929,0.032988625203422266
0.53826595243369135,0.17941272111920556,0.28003217086220566,0.0022891555848978257
0.48571441304959218,0.12142860326239804,0.36310224134333852,0.02975474234467124
0.53732874573823053,0.084105291163671964,0.32845029538159126,0.050115667716506232
0.28478215850607813,0.056918550126980258,0.65240508007153075,0.005894211295410753
0.73185284724815303,0.07095776427208296,0.19055414498495687,0.0066352434948072246
0.48184321219378806,0.20503739628370185,0.28263090050833256,0.030488491014177502
0.23357891126545502,0.063844936101169314,0.69290443517027922,0.0096717174630963337
0.64763456820029786,0.094443858735905883,0.24875704845594029,0.0091645246078558701
0.4969450551932339,0.12423626379830847,0.35317008862126142,0.025648592387196086
0.42512536858751454,0.14179639702244035,0.42365466214211034,0.0094235722479346414
0.60812411241590514,0.093220641772943175,0.28768952959481786,0.010965716216333464
0.42699090841877935,0.10075862036769496,0.46714290172449052,0.0051075694890351129
0.32651575018077617,0.081628937545194041,0.46577689364850283,0.12607841862552696
0.4427402248842538,0.059759467894631109,0.48284362735122055,0.014656679869894313
0.64660259234737583,0.076672043077676458,0.2652064877017703,0.011518876873177441
0.55025270122157421,0.069861411132168261,0.32795328426895448,0.051932603377303099
0.52375029066793466,0.058637942945749914,0.40377084860435791,0.013840917781957892
0.58507810753567446,0.039478081716371176,0.33757143404699574,0.037872376700958686
0.19674622901270761,0.049186557253176902,0.69082756547779323,0.063239648256322264
0.30841098227908187,0.077102745569770467,0.54246856839059054,0.072017703760557203
0.33595997507271241,0.083989993768178103,0.52491740054788805,0.055132630611221319
0.61281978864561715,0.07047598265168549,0.27216499403152056,0.044539234671176806
0.34916977462640153,0.087292443656600383,0.52009530710023189,0.04344247461676623
0.51693026368056771,0.080801565631010874,0.39575637863747681,0.0065117920509447594
0.6579146498963423,0.16447866247408557,0.11107378411129686,0.066532903518275274
0.35284750440036544,0.08821187610009136,0.43196776338085241,0.12697285611869083
0.5450956123870101,0.16211385853590948,0.28608402268585886,0.0067065063912219759
0.3515302888394245,0.085753075601847847,0.55065991274648052,0.012056722812247098
0.71957274438811958,0.048043237470284966,0.22490390940697527,0.0074801087346203707
0.234681128608622,0.052910149214949041,0.69298522217772085,0.019423499998707891
0.340315700932315,0.08507892523307875,0.53426852537883618,0.040336848455769986
0.47826085847821276,0.058216818267506819,0.44365286133302345,0.019869461921257017
0.4518702576348162,0.11296756440870405,0.36061390285847461,0.074548275098005212
0.54991921960178891,0.08890020231926811,0.33628960332338564,0.024890974755557571
0.66389870051564803,0.091922657493276189,0.21737876810991102,0.026799873881164823
0.39807568607987681,0.095873864107748355,0.48725474809028413,0.018795701722090701
0.47994534395081262,0.11998633598770315,0.371464178947016,0.028604141114468188
0.45392987613369756,0.30261991742246502,0.098888533866728745,0.14456167257710861
0.70859597728165913,0.11724155663831777,0.14131188112206161,0.032850584957961636
0.37068705325207291,0.068175725591803238,0.55584822879582718,0.0052889923602968012
0.62298412947932291,0.068206496904894484,0.29052613031000768,0.018283243305774698
0.47981627424397194,0.0,0.46699748420472381,0.053186241551304241
0.61353291114321007,0.057175726284850341,0.27906098387089917,0.050230378701040475
0.17876142441967435,0.11917428294644959,0.58158720046453327,0.12047709216934283
0.49156643827859742,0.077730397043958635,0.41575093590523488,0.014952228772209381
0.42914875166555372,0.23369650785319196,0.31543024417526544,0.021724496305988637
0.61735761026573921,0.18228416399879929,0.17843972830520644,0.021918497430255292
0.17922634227746184,0.26883951341619294,0.54863112317790619,0.0033030211284393422
0.51525981449145075,0.098692049581367819,0.37426512460170092,0.011783011325480569
0.49888957417261859,0.12472239354315465,0.34281044428334007,0.033577588000886692
0.5477675684282266,0.0,0.35988987800846856,0.092342553563304855
0.51360431983547294,0.12840107995886824,0.32047964988083216,0.037514950324826581
0.5244248373004291,0.13110620932510728,0.2284630695156461,0.11600588385881749
0.23039736374182465,0.34559604561273682,0.41946139960948342,0.0045451910359549687
0.68293265716708629,0.17073316429177157,0.097279386764495407,0.04905479177664674
0.34372396376117104,0.22914930917411405,0.30316030882076828,0.12396641824394664
0.73354555581117631,0.079097283703486163,0.17918075367611311,0.0081764068092244971
0.60275290634991707,0.05532517358527865,0.31227610591223964,0.029645814152564912
0.41158491045844314,0.13554412625968051,0.44658093932803411,0.006290023953842149
0.39474311185229799,0.079130129228142138,0.51970634453315223,0.0064204143864077133
0.61312566383341194,0.050802352949819808,0.32370050141326956,0.012371481803498632
0.50187914186176974,0.12546978546544243,0.30168621207425256,0.070964860598535309
0.48356607242068989,0.12089151810517247,0.25551987806217785,0.14002253141195986
0.47908884708165722,0.11977221177041431,0.29451669360801358,0.10662224753991488
0.58045756577787466,0.093328855368836228,0.29444827410709684,0.03176530474619222
0.23161925877214604,0.11948556640806368,0.62415632829585033,0.024738846523940046
0.55431299286323976,0.11175213762688106,0.32131718229935191,0.012617687210527402
0.63553990164245366,0.083694191652216185,0.27627899904366038,0.0044869076616697208
0.49573632232869091,0.12393408058217273,0.2850017502739543,0.095327846815182082
0.25136830096334389,0.13863501550779775,0.59111773194143058,0.018878951587427785
0.39344168442339694,0.082884323406099747,0.5157011662474178,0.0079728259230856281
0.20266832560122897,0.030416010925928671,0.75219580535078323,0.014719858122059193
0.47209021518677402,0.11802255379669351,0.30067765058321516,0.10920958043331722
0.66186917381601229,0.039593464177416583,0.29067809395848715,0.0078592680480842076
0.32342105731331189,0.080855264328327972,0.52904598841505857,0.066677689943301616
0.59411678256098244,0.14852919564024561,0.16704574307483327,0.090308278723938706
0.24986757707103183,0.3748013656065477,0.37325033068897512,0.0020807266334454148
0.41500980650192149,0.10375245162548037,0.42216649945780166,0.059071242414796554
0.38876432093648117,0.097191080234120292,0.44833131397404935,0.065713284855349205
0.67076493326184661,0.12903840944122008,0.19571269365846847,0.0044839636384646914
0.84343713999711389,0.089080252711512251,0.061743300672735112,0.0057393066186388932
0.52119944329277468,0.055068197323448385,0.36374817818424188,0.05998418119953506
0.48176580272219,0.32117720181479337,0.068295911327752507,0.12876108413526408
0.56797740136005981,0.079338801296821942,0.31639793713664893,0.036285860206469199
0.46531915418709574,0.16279219684449814,0.35340798932970918,0.0184806596386968
0.49136759433433791,0.27069494438162633,0.20868399298691517,0.029253468297120583
0.61370886323502105,0.065181530598532433,0.26757438959582175,0.053535216570624711
0.19830801448701596,0.10813165477123518,0.66920484972430161,0.024355481017447243
0.29246891883198445,0.13665272334033571,0.5628248554038856,0.0080535024237940924
0.50352970083657411,0.12588242520914353,0.27993505079877473,0.090652823155507656
0.5309224358759278,0.060686480004112961,0.36215220211792204,0.0462388820020374
0.71254214127153603,0.093001461091702375,0.19189636495341592,0.0025600326833451988
0.33194359573283555,0.082985898933208888,0.52355619046362634,0.061514314870329344
0.17454916447163338,0.26182374670745007,0.55928780866695527,0.0043392801539613099
0.2875558894692018,0.071888972367300449,0.58289325836239114,0.057661879801106736
0.83914322683649867,0.12045338850026838,0.037044665080989282,0.003358719582243444
0.50480561356871501,0.12620140339217875,0.2563447612654971,0.11264822177360911
0.32790205085789625,0.053481421297134804,0.61206483229839204,0.0065516955465768686
0.49658828830431972,0.12414707207607993,0.33130339528625929,0.047961244333341153
0.67417807885672143,0.10228091387483394,0.22023926247635414,0.0033017447920906957
0.55989434406035776,0.14564202237291288,0.29260508558627585,0.0018585479804529323
0.42696675645006343,0.14280046283463158,0.4249158838452321,0.0053168968700731869
0.70371917896557223,0.08654203824330807,0.19986449375023213,0.0098742890408873556
0.4859731945425555,0.052567336986995554,0.44962767625864658,0.011831792211802292
0.40224706770264884,0.10056176692566221,0.45185305959224931,0.045338105779439634
0.47524329797081127,0.11623163518667466,0.3896769152282073,0.018848151614306842
0.76365801166747116,0.058448788353178703,0.17381351546658244,0.0040796845127673313
0.48401806948556425,0.12478723902301736,0.38943354555549592,0.0017611459359227818
0.44678024746804629,0.11169506186701157,0.41618140059440178,0.025343290070540252
0.312432872270477,0.035962062904788608,0.6426227335357787,0.0089823312889558814
0.4397713244675725,0.052378132321837599,0.48848661205142391,0.019363931159166195
0.42923265894152973,0.14104107915065819,0.42618456504724317,0.0035416968605691854
0.47330247468114933,0.14248220051922245,0.37876429069042189,0.0054510341092063007
0.65931354066251913,0.15000558816987064,0.17829212828880409,0.01238874287880623
0.32188565047705964,0.21459043365137309,0.36549993334076025,0.098023982530807033
0.51983723820248406,0.072381124098214483,0.3577380052925892,0.050043632406712321
0.52217009926535796,0.13054252481633949,0.21701978813103304,0.13026758778726952
0.32887403162916934,0.077641541173157649,0.58766904457822933,0.0058153826194436795
0.3878952809781438,0.051846471054836273,0.49845824371920322,0.06180000424781671
0.3507585797187644,0.056799482330417678,0.56961702352815469,0.022824914422663239
0.73213741031812485,0.17094661657473256,0.080586651164153311,0.016329321942989455
0.65690883155846491,0.12351937287435581,0.21535082541208475,0.0042209701550941199
0.37225199366472328,0.09306299841618082,0.49076409315111419,0.043920914767981781
0.36577872900326314,0.068213929659908704,0.55574636577938397,0.010260975557443808
0.53266250239095614,0.032283105533969438,0.42099246978188182,0.014061922293192372
0.45210554171582384,0.11302638542895596,0.40602193670039666,0.0288461361548236
0.4792153045278511,0.068078852544445956,0.42015105278863185,0.032554790139071095
0.3149330059459523,0.061000055681713107,0.61626997931287197,0.007796959059462644
0.16041670814353318,0.24062506221529981,0.59088649055000664,0.008071739091160603
0.57069492430260649,0.14267373107565162,0.15922680701702011,0.12740453760472178
0.48746899782050046,0.18741780971414135,0.32093263600477628,0.00418055646058192
0.41904354289548507,0.079606640188726624,0.49401877335948807,0.0073310435563004473
0.41285257396836628,0.23077738703264566,0.32865274894629426,0.0277172900526939
0.61812925201767377,0.071473806376749036,0.29607852587822797,0.01431841572734913
0.45687511395724784,0.11421877848931196,0.37391654959729748,0.054989557956142826
0.31613592579040495,0.079033981447601237,0.55274932697647006,0.052080765785523925
0.53560460183256087,0.095224837089073686,0.3481934096690158,0.020977151409349765
0.22000224275818486,0.10774066367050579,0.63611463318509753,0.036142460386211855
0.48064618533131059,0.12016154633282765,0.26220238770835302,0.13698988062750869
0.24301248057856972,0.060753120144642431,0.64236145075870033,0.0538729485180875
0.55125729454306593,0.13781432363576648,0.15823032939671375,0.15269805242445381
0.22144596965603702,0.04178636437366421,0.73064465372458609,0.0061230122457126427
0.56111235693866657,0.10314264419211613,0.32279008521772362,0.012954913651493514
0.50257929215845765,0.087469686317420761,0.40035740472283915,0.0095936168012824181
0.34495102841785641,0.086237757104464102,0.51684430361872002,0.051966910858959471
0.37295615546314576,0.093239038865786439,0.4903392933748778,0.043465512296190043
0.64059853985034465,0.054792765057127581,0.28522673565222567,0.019381959440302118
0.51941389429748852,0.083866631574634004,0.33454525720562567,0.062174216922251779
0.38400498207353218,0.14377029875788655,0.46801600131485277,0.0042087178537289441
0.47088595926803894,0.1363788259844845,0.39073278893200392,0.002002425815473594
0.63715055952081989,0.15928763988020497,0.15862260787385876,0.044939192725116414
0.48354750729338675,0.14353869367164282,0.36582044887311577,0.0070933501618548681
0.19174217614193512,0.12782811742795674,0.60752146965614096,0.072908236773967225
0.24549576370255125,0.11203645432106851,0.5905691286971293,0.051898653279250764
0.51539977280856231,0.12884994320214058,0.29077846210639591,0.06497182188290121
0.53201975956128211,0.13300493989032053,0.2361720964282345,0.098803204120162857
0.67619932220425283,0.16904983055106321,0.1281251720352774,0.026625675209406518
0.63894282656190504,0.0,0.23431908940758064,0.12673808403051431
0.50642745100490461,0.12660686275122615,0.34223653987634051,0.024729146367528786
0.75193582649563717,0.078896662711155058,0.15929048615460806,0.0098770246385994475
0.46543366547252069,0.31028911031501394,0.1619197636229783,0.06235746058948697
0.54240348196141963,0.052378847423581731,0.34994155894369589,0.055276111671302662
0.63907883442153035,0.0,0.33644474459293006,0.024476420985539329
0.40149663936305197,0.055883547747105106,0.53836761426963164,0.0042521986202114503
0.82196957637650214,0.15077534935461859,0.024777724467655485,0.0024773498012241155
0.73317938696639984,0.039041855264927233,0.21783387810508378,0.0099448796635890086
0.71616215342339695,0.17904053835584924,0.067474316453839847,0.037322991766913928
0.69033590270492684,0.0,0.27713699398842551,0.032527103306647633
0.42633095600762283,0.10658273900190571,0.39438049514200674,0.072705809848464684
0.42231320965625313,0.07535914421318482,0.49448387721191883,0.0078437689186433221
0.48274698807567906,0.12068674701891977,0.37370195292530961,0.02286431198009169
0.48653540329706063,0.052571513940926261,0.45383329789016541,0.0070597848718478113
0.81049514760638253,0.0,0.097543602163284671,0.091961250230332803
0.83752372784975571,0.0098622545913635701,0.14191814859079296,0.010695868968087746
0.44564510098897869,0.11047914164758058,0.4237167528236967,0.020159004539743869
0.48896394049868547,0.12571938939760133,0.36758491255139786,0.017731757552315385
0.65280304045235638,0.080246466027543387,0.25039793665594834,0.01655255686415184
0.29163368553393298,0.086482743980286839,0.58756579485291338,0.034317775632866664
0.35597355163823463,0.10582084738598861,0.52704662813864844,0.011158972837127986
0.46583638975214076,0.11579613201114755,0.40187658421185835,0.016490894024853459
0.83860143242573082,0.045077665132364109,0.10718447666913505,0.0091364257727697372
0.43511644621835771,0.074530010427813917,0.48564379149639558,0.0047097518574328624
0.35564026933942861,0.10034333664969182,0.53256519723880769,0.011451196772071907
0.42445472320383382,0.10611368080095845,0.39858951062409748,0.070842085371110239
0.36093653552111327,0.16241101269010452,0.42690845015886897,0.049744001629913139
0.66272670455711613,0.11652304840157215,0.21606334131877081,0.0046869057225406236
0.66980778338967173,0.05185419793814381,0.21499352450086023,0.06334449417132422
0.57898666612408556,0.07185594741711461,0.3460520024314076,0.0031053840273923402
0.36106410713793868,0.090266026784484671,0.51519002704749317,0.033479839030083648
0.1089538451190481,0.16343076767857209,0.71716829137038918,0.0104470958319909
0.21744864851599699,0.03635596739558436,0.72582756896315681,0.020367815125262045
0.33839647443950105,0.096607365030775078,0.5494407333878899,0.015555427141834204
0.38816262426002052,0.2099531220859111,0.38095404058952831,0.020930213064539925
0.4745326827009238,0.11533774534620816,0.39781520093785622,0.012314371015011568
0.21119373596611921,0.14079582397741283,0.58933052032595734,0.058679919730510587
0.59663010428787133,0.091221684311299872,0.29864590036599559,0.013502311034833302
0.592954302293772,0.058776999997118273,0.33610264168611137,0.012166056022998136
0.23759154644423144,0.059397886611057861,0.63020644128010028,0.072804125664610447
0.35967768719263349,0.033624554376167633,0.60294587177358705,0.0037518866576117353
0.47396481189937661,0.07728861368049629,0.42675948695030863,0.021987087469818464
0.22145013343336759,0.055362533358341896,0.65359732434672047,0.069590008861570241
0.28322505834061762,0.11788422843278773,0.5677494089183841,0.031141304308210552
0.34795489265822882,0.14530027752178173,0.48122717432216094,0.025517655497828286
0.59749878778363241,0.11881649834979631,0.27970039589493545,0.0039843179716357357
0.46343147070757179,0.023737682584573885,0.50432955981276595,0.0085012868950883093
0.52299411577641564,0.13074852894410391,0.22085473567320305,0.12540261960627738
0.61556665862661886,0.15389166465665471,0.19411790486779518,0.036423771848931231
0.63327284755348379,0.082058485682756477,0.27537553970288808,0.0092931270608715595
0.28132823625162878,0.11170465158656234,0.56004596729935152,0.046921144862457367
0.67485546315229694,0.046327789974393019,0.26529638088906871,0.0135203659842411
0.44069399802247633,0.089886633643093156,0.463222036380802,0.0061973319536283459
0.70100609169516814,0.084746627320216386,0.20333337909674828,0.010913901887867035
0.79188679097198134,0.088832410801111081,0.11558986288586047,0.0036909353410473304
0.34382128847478211,0.036008897283855833,0.61404204226643555,0.0061277719749262402
0.60230418224297089,0.21204968434253588,0.18290484884815156,0.0027412845663414591
0.55169091339440601,0.11290783448813373,0.33067280045331499,0.0047284516641448119
0.64356122785848868,0.088633483810429778,0.21558451277767801,0.052220775553403494
0.43604928344316546,0.10901232086079136,0.34413051550771562,0.11080788018832749
0.66766967329516846,0.12260324980006818,0.1786266542295247,0.031100422675238652
0.18909446243364453,0.12606297495576302,0.5403574293032487,0.14448513330734372
0.26823375810493738,0.051766497400930381,0.67196577792261658,0.0080339665715151703
0.59556777021721019,0.041895391348662429,0.32236496394797792,0.040171874486149527
0.34788980105523448,0.086972450263808621,0.52323778350328298,0.041899965177673797
0.40995660033345827,0.10248915008336457,0.36387556576305824,0.12367868382011896
0.31747912843918386,0.085074534324245499,0.59100842823598065,0.0064379090005902877
0.53401448563601972,0.13350362140900493,0.25560104931232253,0.076880843642652796
0.38372609246359479,0.25581739497572986,0.27071087792362974,0.089745634637045615
0.44828939442470761,0.12866376907740554,0.42140997351717924,0.0016368629807076913
0.48857191123149762,0.0,0.47433187454611891,0.037096214222383468
0.22148380541143542,0.045049672521744077,0.72696057566583194,0.0065059464009885309
0.48736874358254234,0.089244637008747019,0.39079123759452677,0.032595381814183713
0.68228863040713816,0.11387440419350527,0.17376521456732424,0.030071750832032541
0.38755131181256436,0.10862761326232651,0.48315262564289518,0.020668449282213789
0.46270540755918443,0.065090419275380895,0.46540172121639489,0.0068024519490401305
0.18407839152765673,0.12271892768510451,0.58642505760148,0.10677762318575881
0.52722514656869279,0.04084685816279994,0.4227891702272345,0.0091388250412726708
0.42130575996681191,0.019112316392010071,0.5370377310664487,0.022544192574729446
0.40257608639493037,0.17529510553195257,0.38097910563387877,0.041149702439238302
0.35084283462753479,0.037563764465661557,0.57319499346944736,0.038398407437356182
0.68167053378772147,0.062176159130800365,0.24900569439050302,0.0071476126909752512
0.70470377457489686,0.080950219626934633,0.15381544442717543,0.060530561370993101
0.48151890440458495,0.095362278582371784,0.41912359271761757,0.0039952242954261795
0.5560723326967435,0.13901808317418587,0.20948946591034834,0.09542011821872233
0.51801562106153254,0.036898803226602682,0.43756796356923333,0.0075176121426310943
0.52265535968373533,0.045081357167096159,0.40957133500273329,0.022691948146435013
0.6935585022804327,0.040051918045378027,0.25023182091018048,0.016157758764008875
0.68383853729370503,0.098428036176316208,0.17954816708553367,0.03818525944444507
0.70570760870060645,0.13850781945284293,0.11794034984668737,0.037844221999863252
0.61825532515663251,0.055648504687164077,0.30003251876497805,0.026063651391225618
0.72099204431585051,0.18024801107896263,0.06884076339145774,0.029919181213729183
0.4180708498703089,0.09880668119047431,0.46708972910390567,0.016032739835310932
0.4007695745077739,0.10019239362694347,0.41324955908579358,0.085788472779488992
0.48822643028443519,0.050978395320097722,0.44438322569660571,0.016411948698861395
0.24280442883718867,0.060701107209297167,0.58669260691745584,0.10980185703605841
0.53749032992216406,0.088251361048639052,0.34884413235248496,0.025414176676711704
0.85220666803436329,0.059986708877061048,0.079870910771518186,0.0079357123170572842
0.51117832830261722,0.097905895175813495,0.38575726130244453,0.0051585152191249073
0.46034814653318745,0.088809943014875867,0.44161003688909256,0.0092318735628439553
0.27139488843120618,0.075062499636399452,0.64750591305665706,0.0060366988757372198
0.38685685818878746,0.042195346040891729,0.52981845064416544,0.041129345126155473
0.54229726671872147,0.082676607069023245,0.35935278171343438,0.015673344498821046
0.19160174807224986,0.055622524092580485,0.74181752847014182,0.010958199365027741
0.50144819812884778,0.092304213017897416,0.39813267888130333,0.0081149099719516182
0.34225737014965907,0.085564342537414767,0.51429016902827662,0.057888118284649577
0.41400691254611954,0.087404745870739251,0.48240358320669269,0.016184758376448557
0.52469650673295742,0.017675605017286048,0.44181171467461106,0.015816173575145413
0.58740440277071992,0.048051765591910996,0.35480266245856462,0.0097411691788043559
0.52263774499010385,0.050798894446010399,0.41818101922100837,0.0083823413428773738
0.52336727842025366,0.096941251569653206,0.36720396316112447,0.012487506848968551
0.25953087457879315,0.17302058305252876,0.48745705858144911,0.079991483787228909
0.65076048649010676,0.16269012162252669,0.14651938013174434,0.040030011755622319
0.49658631559668992,0.01587901401086287,0.47571733327460086,0.011817337117846308
0.60581516016150394,0.088561805837322496,0.30141972825141428,0.0042033057497595479
0.5213581835747304,0.1303395458936826,0.31134548587817668,0.036956784653410457
0.50909593689170141,0.078675091564947119,0.34462813463070752,0.067600836912643861
0.51055415819137329,0.12763853954784332,0.32499612842783138,0.036811173832952036
0.74480576007820209,0.074806030923602509,0.17414015241074202,0.0062480565874532597
0.79186116429005615,0.087492288859188139,0.06353129995284211,0.057115246897913467
0.32581638716796835,0.052129425622912555,0.60315966998017423,0.018894517228944998
0.44708162915260363,0.078795915780408413,0.46566340657929423,0.0084590484876938595
0.37598037406940971,0.1297761535196795,0.48758969381633549,0.0066537785945753481
0.62367974879106214,0.032815996661530282,0.33618203121865742,0.0073222233287503014
0.48574081455343954,0.12143520363835988,0.31887563425599569,0.073948347552204849
0.4272004022707987,0.033753187650842356,0.52837711109134566,0.01066929898701323
0.53113739234955137,0.092732644929472738,0.36840640139736391,0.0077235613236120654
0.41558369030368664,0.071833692244510652,0.50035852611348963,0.012224091338313186
0.24030595540081742,0.36045893310122612,0.39691505256720161,0.0023200589307550861
0.6591864792202542,0.16479661980506355,0.13615362522833255,0.039863275746349749
0.37556807917756513,0.039905610384126801,0.5792510604721427,0.0052752499661653284
0.56507455229229642,0.0,0.32313220349627614,0.11179324421142747
0.44698441674677369,0.11174610418669342,0.40194762551302454,0.039321853553508229
0.54068418535720475,0.15599175046642585,0.28030198131410172,0.023022082862267576
0.33524305064092774,0.14408538494133899,0.47862149527766601,0.042050069140067231
0.49089982284696254,0.1807736059523824,0.32320780346367001,0.0051187677369850283
0.29119638718091428,0.10862166198199406,0.58772225629185848,0.012459694545233392
0.69559332161808851,0.025475196792578765,0.25748637425917842,0.021445107330154416
0.29130798274741848,0.07282699568685462,0.59448759485774116,0.041377426707985686
0.42994733711415156,0.17741486833388528,0.32951532455795884,0.063122469994004421
0.32104281726258205,0.12495284721847907,0.50144069826869386,0.052563637250244932
0.16189515005108993,0.24284272507663493,0.58511447658876914,0.01014764828350612
0.66507707938458582,0.076313149676238243,0.25009918850118396,0.0085105824379919839
0.23289076409594281,0.11832326429629815,0.62433778217450353,0.024448189433255565
0.22354232527734047,0.044023651594107989,0.72512897522951214,0.00730504789903941
0.44097480679297402,0.1102437016982435,0.37529639965165268,0.073485091857129731
0.48082333203348626,0.0,0.47788572504983778,0.041290942916675968
0.51048122596603307,0.12762030649150827,0.32453383787721468,0.037364629665243905
0.58917762201913904,0.1203545041868421,0.28131451723305589,0.0091533565609630847
0.33483593287834679,0.18768679511841421,0.45789777366666901,0.019579498336569919
0.50864164913229348,0.12716041228307337,0.31987565777820998,0.044322280806423087
0.33677458722009185,0.084193646805022962,0.4903052976253407,0.088726468349544549
0.33057949122637642,0.22038632748425094,0.40895372660343982,0.040080454685932819
0.45727692043019902,0.087874532464848693,0.44231895873897048,0.012529588365981727
0.26830975795744449,0.40246463693616674,0.32733557331476459,0.0018900317916237144
0.48513311391325964,0.096440824631852592,0.41493010639221772,0.0034959550626700009
0.52796649463226564,0.077885066133726477,0.37102194200538047,0.023126497228627661
0.39248983387036274,0.024494864530376546,0.54952555635423783,0.03348974524502292
0.36037853532021935,0.036748811638332365,0.58582468537441534,0.017047967667032864
0.51934857561817738,0.059649502286787802,0.41219223778811359,0.0088096843069209452
0.63825403405596803,0.10956060376633316,0.24792035521707165,0.0042650069606270354
0.68025107403075824,0.06902029695477678,0.23793218025406454,0.012796448760400456
0.45341293742767474,0.11335323435691869,0.30382593724404489,0.12940789097136168
0.22173463576336419,0.33260195364504619,0.4358714788915703,0.0097919317000192095
0.52486563930059882,0.099197260693634312,0.34075354857847523,0.035183551427291584
0.47229392780354462,0.11807348195088616,0.37682459018391556,0.032808000061653839
0.19990841906971565,0.043469028105093357,0.72999404115208366,0.026628511673107244
0.28111770110597978,0.046670888557320232,0.66511499954231501,0.0070964107943848687
0.51683916067551705,0.058057276066061855,0.35500466271379827,0.070098900544622728
0.51145375511827773,0.064986841252384575,0.41804795681051304,0.0055114468188249945
0.33167005794250387,0.082917514485625968,0.54294972003623887,0.042462707535631278
0.74664873948684041,0.091532435524557337,0.15477954069805119,0.0070392842905508887
0.73951932122597508,0.080660694654053858,0.14337276924788769,0.036447214872083328
0.60031153386462321,0.11881702313499028,0.27402599719696102,0.0068454458034255157
0.5798733800244894,0.092396371282034706,0.31770091543101364,0.010029333262462053
0.73528726055317228,0.065909580040344307,0.19053826397561477,0.0082648954308684776
0.58465306354151425,0.10507707865107503,0.27612404730519752,0.034145810502213256
0.5213078847069702,0.064010030026174683,0.40506261016582823,0.0096194751010270137
0.58034623194136514,0.051851678697103061,0.33969442551927703,0.028107663842254684
0.45385033261104152,0.11346258315276038,0.3192371223603494,0.1134499618758488
0.6059701198649754,0.15149252996624385,0.21314878352913025,0.029388566639650691
0.18123320388571587,0.092600128204730056,0.70158472331418986,0.02458194459536435
0.42721237584210281,0.058614679568447341,0.46968505299694208,0.04448789159250767
0.28874341180924229,0.19249560787282824,0.4402129563846664,0.078548023933263128
0.32746459650220644,0.097732459843817593,0.53919047893488048,0.035612464719095488
0.42483766531573974,0.28322511021049318,0.18033388164362857,0.11160334283013851
0.4181178848148161,0.18839286321343626,0.32696270701668922,0.066526544955058386
0.52048883882339414,0.023890863906313752,0.42169693404815534,0.033923363222136828
0.44501550903021536,0.11125387725755384,0.38003940670785169,0.063691207004379122
0.4553379553309494,0.11383448883273735,0.40849180519889866,0.02233575063741464
0.63749254417447387,0.15937313604361847,0.10967607560113218,0.093458244180775474
0.26805553058292003,0.13049701864430649,0.5773699956739673,0.024077455098806096
0.65230251093848934,0.094873364740103508,0.2226355567418378,0.030188567579569454
0.25254727649296671,0.022096567522473808,0.68466631729480509,0.040689838689754385
0.72490730945129067,0.062587595662263129,0.20531663738790074,0.0071884574985452776
0.50137729299547784,0.10983009175451397,0.37670864525791431,0.012083969992094002
0.17157411665329997,0.25736117497994998,0.56656023599946137,0.0045044723672886004
0.49780770171012989,0.0,0.45390127148393433,0.04829102680593586
0.79587080735326798,0.086532760271068918,0.11259365113089242,0.0050027812447706148
0.15402517838745117,0.2310377675811767,0.60972902643699034,0.0052080275943812053
0.40207754774534893,0.10051938693633723,0.39845910612463575,0.098943959193678127
0.49364206300417551,0.054944723337068534,0.44339409503998728,0.0080191186187685143
0.43268720370929914,0.12176059372561436,0.42318983539022709,0.0223623671748596
0.50760222268206823,0.078039594916702912,0.40320869568276274,0.011149486718466254
0.59381311444529994,0.054776852297783868,0.29924624215220574,0.052163791104710568
0.28787008828705546,0.051992780372006206,0.63500141350619621,0.025135717834742159
0.50693828181428457,0.12673457045357114,0.26822858856885501,0.098098559163289245
0.50830987009740125,0.12707746752435031,0.3405883305645277,0.024024331813720868
0.24019974428251781,0.05849792511256028,0.69829566132623255,0.0030066692786896339
0.55275977171345037,0.060469443518372856,0.37298724230467495,0.013783542463501639
0.65761868629527975,0.074665204824706219,0.22361033302669914,0.044105775853315064
0.23467253017365713,0.058668132543414284,0.65174989235602965,0.054909444926899122
0.41541657992474856,0.071754642760222295,0.50790766791637521,0.0049211093986540151
0.50756566906008604,0.15611229352846304,0.30571248218866526,0.030609555222785603
0.769120480534637,0.094816878324101725,0.12954583311816556,0.0065168080230957716
0.44910720443987645,0.11227680110996911,0.41063088951414056,0.027985104936013829
0.82209373106218464,0.10781943976661205,0.033893333851157774,0.036193495320045552
0.52831490883698851,0.10018652140104475,0.36871297079273563,0.0027855989692305411
0.54039870350634178,0.18088941960673915,0.27453607002862829,0.0041758068582908097
0.32910557914793648,0.049834227903408711,0.61330877387823213,0.0077514190704226433
0.42557176787651407,0.086941199630920604,0.46674119243231416,0.020745840060251153
0.21124998382101137,0.033967250060538225,0.7196892343624034,0.035093531756047
0.57909525369436743,0.042848845694347902,0.33504748751244201,0.04300841309884261
0.41253417023138789,0.057574989049385884,0.49717451795611689,0.032716322763109332
0.62053131280732243,0.065022115891357965,0.29869654574007626,0.015750025561243511
0.40715570536947027,0.15410173373231756,0.43171114065933908,0.0070314202388733343
