0.58623820986427433,0.040284189670135195,0.3613450298479563,0.012132570617634167
0.42770202837918253,0.10692550709479563,0.43654446989345869,0.028827994632563081
0.65065321877214499,0.050157795429595434,0.28026929109820314,0.018919694700056441
0.48284141076829556,0.096801888467433261,0.40598925451729062,0.014367446246980492
0.56280175390948184,0.097899348790962418,0.31266647072987364,0.026632426569682104
0.2252881966457756,0.029279766994407604,0.73001471825486486,0.015417318104951878
0.26712216490988538,0.17808144327325695,0.39961966092217649,0.1551767308946812
0.43533144281775316,0.10883286070443829,0.36881460035475394,0.0870210961230546
0.60240402515341296,0.10557769144446752,0.28581504995386869,0.0062032334482507532
0.47338322579495062,0.097747356735037205,0.42367732135828212,0.005192096111730285
0.51187810862078742,0.09292910409723433,0.38623160687604002,0.0089611804059379681
0.66946999720875056,0.06978839361092494,0.25369635108595789,0.0070452580943668732
0.5745260338701994,0.080811109406879439,0.33213883711526215,0.012524019607658981
0.40211821563254563,0.26807881042169712,0.27494268361934471,0.054860290326412556
0.51106464224836035,0.12776616056209009,0.26380242564071171,0.097366771548837827
0.55249283126386284,0.0808533764561397,0.33476381438247926,0.031889977897518462
0.25566144965827253,0.084599888698381712,0.62216881544156721,0.037569846201778626
0.6586752099897154,0.16466880249742885,0.1358757061636639,0.040780281349191844
0.47741926537613583,0.12313166429000756,0.39071266404847538,0.0087364062853813509
0.46576814553359402,0.09134675005965287,0.43528826745293797,0.0075968369538153176
0.47754646625334818,0.079837479237843165,0.41824550432164997,0.02437055018715863
0.48829266198121596,0.077799080342053462,0.42747170989973632,0.0064365477769943256
0.56090324300465966,0.095492611804078836,0.32912920727755329,0.014474937913708207
0.45487627540584197,0.070675473858539908,0.46220044270974731,0.012247808025870889
0.50812830009726995,0.085581840892604677,0.3927993647834771,0.013490494226648326
0.47865472227221018,0.14083436235289248,0.35638151869935408,0.024129396675543206
0.44027452735595146,0.29351635157063438,0.14711226042698061,0.1190968606464336
0.64778286944603425,0.053896376568984106,0.28693764340779032,0.01138311057719155
0.47348941857103588,0.096216415499109295,0.4088779218647694,0.021416244065085452
0.41066174204755401,0.10731773524225496,0.47343641974464606,0.0085841029655448174
0.58189189933084196,0.14547297483271049,0.23032881930925,0.042306306527197586
0.46949271159288641,0.040872920734819941,0.47723754280040859,0.012396824871885082
0.5784949367212644,0.04510617833664915,0.36344965066491736,0.012949234277168903
0.4663140318848083,0.11657850797120207,0.3573051059941863,0.059802354149803373
0.5857845729244151,0.05000094962178353,0.35365683714045792,0.010557640313343586
0.57190867271610624,0.039240981636257839,0.37439863392918127,0.014451711718454462
0.56584751461105665,0.14146187865276416,0.22469844255725532,0.06799216417892387
0.41108548335312839,0.067457608848843872,0.51450720222611313,0.0069497055719148666
0.46890427303483034,0.11722606825870759,0.34277547666437103,0.071094182042091086
0.56807819088761646,0.10367486330544941,0.3195843013715437,0.0086626444353905922
0.5304191947655289,0.13260479869138223,0.2791027721374052,0.057873234405683704
0.47578440061830252,0.11894610015457563,0.34688157190336555,0.058387927323756243
0.24421996123854522,0.045025423136737089,0.70293700516261026,0.0078176104621078511
0.45585864674213372,0.11396466168553343,0.41431564444878327,0.01586104712354966
0.4916214686132111,0.12290536715330277,0.316453936675539,0.06901922755794708
0.45605048418235644,0.11401262104558911,0.40053049407474994,0.029406400697304484
0.65455192342381308,0.1139818610605832,0.22806944049081465,0.0033967750247893376
0.55953866813038,0.060243752849360531,0.36666302924274263,0.013554549777516592
0.34241069897823745,0.22827379931882499,0.33239432916726491,0.096921172535672728
0.42306298842520829,0.10576574710630207,0.4454533144851191,0.025717949983370379
0.5130731224609425,0.12826828061523562,0.24209483956986555,0.11656375735395628
0.49004355685071366,0.12251088921267841,0.36240773192563264,0.025037822010975215
0.42857791432681497,0.075072428232474911,0.4807858125508167,0.015563844889893156
0.24289340302391088,0.046806331240518043,0.70325013371144218,0.0070501320241288298
0.43255224582178975,0.10813806145544744,0.33857114924788001,0.1207385434748828
0.51572900429496571,0.096151729127182506,0.3592152659912789,0.028904000586572887
0.41876774519771115,0.10469193629942779,0.44012727124470707,0.036413047258153884
0.34390438253543709,0.073643348148069748,0.55922598906811738,0.023226280248375513
0.48547840695942324,0.1974164183704922,0.31312291322409147,0.0039822614459930723
0.5304117408518596,0.12836072508117263,0.33480188607516964,0.0064256479917983072
0.54754600927287522,0.095651749752808601,0.34292510034511303,0.013877140629203109
0.46250064024029669,0.11562516006007417,0.39805776788374586,0.023816431815883377
0.25449622505315772,0.06362405626328943,0.62689631562317394,0.05498340306037889
0.49878616815571858,0.069520088191653603,0.41877989398174076,0.012913849670887172
0.53815501872035509,0.13453875468008877,0.27080139386548424,0.056504832734071961
0.40700675270651032,0.12113929328598595,0.46618698098044359,0.0056669730270601593
0.6553024915292206,0.16382562288230515,0.091226384209509542,0.089645501378964709
0.55323455382940689,0.053301441198217309,0.38795387541041504,0.0055101295619608224
0.53275330070757476,0.090580148528956961,0.35379679188604612,0.022869758877422076
0.6342057316091595,0.087124593422535965,0.26555256786248893,0.013117107105815633
0.37934894670400882,0.16406506504595864,0.43473851562590249,0.021847472624130039
0.53107033060237441,0.083235503317170639,0.33794394085100504,0.047750225229449897
0.60982300814423163,0.053243036113566088,0.28904884314695306,0.04788511259524926
0.42528879971636702,0.035017560899101914,0.52024854784787289,0.019445091536658261
0.24549178686232262,0.03128674851801682,0.70696084237996737,0.016260622239693063
0.21599467684457069,0.058789859313298935,0.71181602157923429,0.013399442262895793
0.38902736438857749,0.2593515762590517,0.2723249435483806,0.079296115803990166
0.61529181484512074,0.12855022308679842,0.24949567731099251,0.0066622847570881657
0.44956179963721504,0.066554786811524796,0.46804841462874575,0.015834998922514443
0.55798380365609968,0.05403906829192167,0.37656996092782152,0.011407167124157149
0.49474237787042807,0.12368559446760702,0.24547370545339123,0.13609832220857368
0.46746012159119144,0.10246625879426509,0.42482392636510696,0.0052496932494364452
0.48304173690860852,0.12076043422715213,0.33802334824249952,0.058174480621739882
0.37094806969910143,0.24729871313273427,0.23675816253610515,0.14499505463205914
0.24597540771829035,0.043788143316995133,0.69471205027999017,0.015524398684724402
0.3893704447277283,0.25958029648515224,0.26497192831147803,0.086077330475641423
0.66147293259319118,0.044797587626061203,0.27936430951127555,0.014365170269471919
0.43867922762864453,0.29245281841909637,0.17727368201817295,0.091594271934086147
0.40512318845521528,0.10128079711380382,0.45590221149317472,0.037693802937806282
0.5618995096769972,0.049106263641607376,0.37468903688812222,0.014305189793273351
0.41572248994467031,0.10393062248616758,0.45976589807183266,0.020580989497329415
0.10929921798219668,0.16394882697329499,0.71277489952796802,0.013977055516540332
0.43426895838909479,0.13251787618594171,0.42657146513842964,0.0066417002865338005
0.17150197357064961,0.25725296035597439,0.55899941668878428,0.012245649384591582
0.46422414697771025,0.11605603674442756,0.38006066948017692,0.039659146797685257
0.49943971265405707,0.05448381052843098,0.43570011045559126,0.01037636636192076
0.66188917232705047,0.0,0.29161491910867532,0.046495908564274116
0.44254414436011486,0.11063603609002871,0.35611565631311737,0.090704163236739119
0.33379647977892341,0.2225309865192823,0.36192918636543653,0.081743347336357741
0.63654408819733388,0.15913602204933347,0.17031878067424991,0.034001109079082735
0.55261937993655885,0.066902771554603016,0.3425347159365314,0.037943132572306547
0.26174620035247181,0.39261930052870769,0.33951640405542943,0.0061180950633909076
0.51757267030717991,0.079417777297584521,0.36832832289717338,0.034681229498062162
0.47104707215848252,0.17908244908080501,0.32815476113601633,0.021715717624696082
0.48968252718371752,0.071546132700125276,0.40243346344557795,0.036337876670579125
0.51642542405961767,0.090970946000488342,0.37817564278948035,0.014427987150413686
0.56780294901186745,0.062165125045833221,0.3585323213494736,0.011499604592825875
0.44549744386333251,0.11304601664255359,0.43308252090480576,0.0083740185893081218
0.4136680487835967,0.15665248956782724,0.41315882971015727,0.01652063193841867
0.42169968352295251,0.10542492088073813,0.32051855468828261,0.15235684090802676
0.62722796031318229,0.15680699007829557,0.17605768304211511,0.039907366566407108
0.41318086228026352,0.10329521557006588,0.37609197691363944,0.10743194523603117
0.23626339763923315,0.35439509645884976,0.40243842101748006,0.0069030848844370907
0.37740098738518979,0.25160065825679317,0.28370675831925307,0.087291596038763977
0.53275914648976852,0.10047950479946523,0.34024518872657178,0.026516159984194394
0.4954158541370593,0.053666974959636703,0.41927049276153272,0.031646678141771536
0.51733704947829506,0.10002398243866219,0.37514397814952127,0.0074949899335212435
0.63536862151272733,0.09864961079520429,0.24807456515498927,0.017907202537079107
0.62421607650757194,0.0087790349126942186,0.35350753873809726,0.013497349841636449
0.45941974784519801,0.14038906209853641,0.38962751988131955,0.010563670174945946
0.43148665974427169,0.094596727104541672,0.46540045258140894,0.0085161605697780095
0.49933458218058513,0.054316832988085768,0.39116868802916571,0.055179896802163335
0.50899245946230987,0.12724811486557747,0.31272207537066937,0.051037350301443317
0.36516904726072891,0.077268894444225356,0.54419671793822944,0.013365340356816238
0.32669269185767458,0.2177951279051164,0.31065293213854006,0.14485924809866899
0.61042410677623893,0.05262939199426498,0.29917363931268381,0.037772861916812304
0.39412926583453095,0.14726434264626956,0.43550660680548453,0.023099784713714801
0.53211930226380322,0.086408873604787467,0.35361287097525163,0.027858953156157738
0.53987236693238849,0.10297835983725051,0.34232288548702317,0.014826387743337756
0.47219318477585148,0.11804829619396287,0.36418701209827892,0.045571506931906758
0.23919518831080189,0.047181933873047081,0.70602886352670768,0.0075940142894432502
0.22685921069162066,0.056714802672905164,0.66966550863586904,0.046760477999605157
0.37314283016313882,0.093285707540784704,0.50721350327427916,0.026357959021797286
0.36991810855449314,0.092479527138623285,0.42966527218265171,0.10793709212423186
0.47865674698818134,0.11966418674704533,0.29659305655528423,0.10508600970948917
0.24571108581339621,0.038878204325193955,0.70806980506799722,0.0073409047934126278
0.34935649201482771,0.047388883396351389,0.58295681437701152,0.02029781021180941
0.46041398322028365,0.11510349580507091,0.31824026691575524,0.10624225405889023
0.49926523378814425,0.12481630844703606,0.23993754370375905,0.13598091406106064
0.64643121970313577,0.10137089403680881,0.24893822023058726,0.0032596660294675699
0.3896912418743681,0.25979416124957871,0.25249404767997341,0.098020549196079748
0.47375859106662893,0.056763744798307599,0.46346505691473611,0.0060126072203276178
0.46474227513838878,0.074546327089375128,0.44092306174175688,0.019788336030479279
0.49348784123279893,0.10256752204829732,0.39783053685109881,0.006114099867805008
0.17154250571997104,0.25731375857995653,0.55918279109250657,0.011960944607566066
0.51122461900440541,0.066457949543113501,0.39261770307236632,0.029699728380114764
0.3267087800733659,0.081677195018341475,0.56399786880621561,0.027616156102076989
0.4258661909664922,0.10646654774162305,0.44323381887599994,0.024433442415884798
0.29354349697200049,0.19569566464800037,0.41071652582379731,0.10004431255620178
0.32653767711689985,0.12667109987357963,0.51974037102639314,0.027050851983127542
0.58038714305063333,0.14509678576265833,0.21455640113589805,0.059959670050810349
0.28439764676892915,0.42659647015339397,0.28682180005738123,0.0021840830202958126
0.59744680794158711,0.018321769581917707,0.37151138945557038,0.012720033020924872
0.51585331956381875,0.16569392162339988,0.3151832809115333,0.0032694779012478509
0.5668950662167922,0.098935163170671664,0.32940868611622087,0.004761084496315085
0.45463765104331677,0.089025430219178872,0.43491640182174579,0.021420516915758712
0.41674012114306291,0.10418503028576573,0.45284557763228628,0.026229270938885083
0.43308279912590919,0.1082706997814773,0.29326499348543716,0.16538150760717635
0.48541099226261042,0.0983418127613538,0.40994363467391959,0.0063035603021161183
0.39105736160050319,0.26070490773366883,0.25507487850702842,0.093162852158799561
0.51857535352430661,0.082872840801981248,0.37359068782002147,0.024961117853690613
0.60994900603062796,0.0,0.35036200413199409,0.039688989837377689
0.55789338274617062,0.066256605117445452,0.36539154429021942,0.010458467846164525
0.39019223906438,0.048570436466074167,0.53516906504485562,0.026068259424689919
0.39108961159688604,0.097772402899221511,0.49981576388943849,0.011322221614453886
0.6618771322362319,0.045543563232247418,0.27030230874928601,0.022276995782234622
0.41187447556960194,0.12804492734722434,0.43349215078491871,0.026588446298255117
0.48819152275027589,0.10016602768541975,0.40356264269325887,0.0080798068710454373
0.40255710362239355,0.10063927590559839,0.41149661432002255,0.085307006151985457
0.58524567527834048,0.047343486350280635,0.34912349997739994,0.018287338393978888
0.48382244790756995,0.097318669884200015,0.39997525252825233,0.018883629679977827
0.60101614917448543,0.15025403729362136,0.20774199010864391,0.040987823423249449
0.46415758997769374,0.11603939749442344,0.34746051968931962,0.072342492838563213
0.4836607659134417,0.12091519147836043,0.33216428455058417,0.063259758057613635
0.57114091150058766,0.0,0.39825395802842878,0.030605130470983635
0.51806943804594596,0.19431936611867395,0.28341077973724416,0.0042004160981357576
0.60333351638091981,0.15083337909522995,0.1919771205578048,0.053855983966045205
0.6005270425535213,0.15013176063838032,0.1855150608035199,0.063826136004578607
0.60076467754410556,0.040013397134711359,0.34701984636386624,0.012202078957316877
0.46250466293644843,0.087453267314104383,0.43751860513470309,0.012523464614744101
0.407162825110227,0.11282132416475966,0.46844528012128889,0.011570570603724463
0.24445217117247145,0.042661552536650771,0.69749087536352639,0.015395400927351765
0.19751478530641597,0.29627217795962391,0.50189588986737854,0.0043171468665814299
0.45651944330061972,0.077352662196889091,0.44004938971061358,0.026078504791877517
0.56582801960673645,0.04060917824361749,0.3796677662797675,0.013895035869878312
0.22990143130391119,0.035043311871776464,0.72334702451343003,0.011708232310882262
0.64474161519906625,0.11383482695573129,0.2136474129044787,0.027776144940723464
0.68200405198631253,0.059959571363714673,0.24997987382187015,0.0080565028281023143
0.21378103367434401,0.054428151920815175,0.7285962129876713,0.0031946014171694483
0.42474422133328499,0.059002051838896341,0.50575227771386355,0.010501449113955107
0.67135650771412791,0.084016124744745027,0.23770928536911812,0.0069180821720090145
0.41720258887144279,0.1494092177993101,0.42850798739024076,0.0048802059390067381
0.5267153191878321,0.058972743016541325,0.40572259672250066,0.008589341073125761
0.53821124229069239,0.13069682606662353,0.32008088028744897,0.011011051355235286
0.49951495927003897,0.050974503020443492,0.43371994758349225,0.01579059012602553
0.46134587988886999,0.1153364699722175,0.35323236503010602,0.070085285108806544
0.58053671124603656,0.14513417781150914,0.23012866995050887,0.044200440991945457
0.23887400841594389,0.045160554715194361,0.70818524541709327,0.0077801914517683741
0.37343785793634099,0.24895857195756069,0.24081093496853564,0.13679263513756271
0.60562308453264901,0.012587720196794605,0.36902266960207919,0.012766525668477177
0.51136744177726334,0.088394097032282667,0.36843274500931306,0.031805716181140878
0.52169664312050545,0.087827279597381847,0.3743959401902987,0.016080137091814224
0.39442687001709115,0.098606717504272787,0.43122192248970792,0.07574448998892816
0.66099955291450463,0.0,0.2916982108254953,0.047302236260000068
0.65079504461362581,0.16269876115340645,0.15164848014908722,0.034857714083880526
0.41332127151087728,0.067214954281369713,0.50392678256945567,0.015536991638297514
0.40138504163599026,0.076823468691216049,0.49903531433020509,0.022756175342588638
0.34130190486141748,0.15784790791590861,0.47304345496237232,0.027806732260301517
0.64676374417825788,0.034993466299116642,0.30454062145091693,0.013702168071708492
0.64035367043413605,0.011245490378836084,0.33433042366544397,0.014070415521584065
0.5476641078940172,0.084394485165621022,0.36034648476421849,0.0075949221761430893
0.63338445799567955,0.053882440195633437,0.29381017319944425,0.018922928609242742
0.5228031740068102,0.082140888920988309,0.36102364048378133,0.03403229658842024
0.2591081354780701,0.3886622032171051,0.34584248683251667,0.006387174472308345
0.2203802015189443,0.055095050379736075,0.68431815744366031,0.040206590657659386
0.5311264292638499,0.10155791424853525,0.35917920233580936,0.00813645415180567
0.21550592976465766,0.053876482441164414,0.68596889968202301,0.044648688112154916
0.21615201669925946,0.036719551041048355,0.73393796403576905,0.013190468223922764
0.37067338479209294,0.24711558986139531,0.2106799285702505,0.1715310967762613
0.38096467498639003,0.25397644999092672,0.26003737745805366,0.10502149756462967
0.50427535431731019,0.097545221714111396,0.38842631575614561,0.0097531082124325975
0.46142577166600041,0.1153564429165001,0.33120127999535232,0.092016505422147177
0.46098128210473865,0.11524532052618466,0.31293659006482094,0.11083680730425577
0.4199382621061965,0.27995884140413102,0.23462862600433634,0.065474270485336328
0.68859871824035979,0.17214967956008995,0.10209901463020347,0.037152587569346827
0.41935444195728866,0.064328702662674417,0.50291984452201843,0.013397010858018286
0.59375103808863916,0.14843775952215979,0.20046059119442791,0.057350611194773332
0.43499169999625392,0.10874792499906348,0.43566331339066711,0.020597061614015529
0.51159485266911497,0.093597192014410691,0.38607202945696156,0.0087359258595127148
0.41070752013114453,0.13833124070978647,0.43443987996632277,0.016521359192746148
0.4581464300559952,0.1145366075139988,0.35600319974164624,0.071313762688359733
0.5849965120226831,0.082655627726386363,0.32750656094746333,0.0048412993034669784
0.46311270025610235,0.11577817506402559,0.34514827071594029,0.075960853963931693
0.74945221488360469,0.11805627686397176,0.12178227212837174,0.01070923612405209
0.37765686834604634,0.094414217086511584,0.42771585981644733,0.10021305475099473
0.25389587954356518,0.029208403632907061,0.71092757340881185,0.0059681434147161551
0.47942083186974327,0.091762126021027027,0.40334949875592058,0.025467543353309238
0.57381388324276283,0.12503527980558882,0.28806571529387959,0.013085121657768702
0.36162093993238503,0.055179477341983967,0.56100725041598232,0.022192332309648854
0.58262457436002957,0.1478552765308313,0.26744687120578764,0.0020732779033512936
0.42044162298968857,0.10511040574742214,0.42478320107239881,0.049664770190490481
0.65788156488772986,0.16447039122193247,0.068104221975908583,0.10954382191442909
0.56567553160720285,0.1285840397808683,0.29644689792533774,0.0092935306865911966
0.52826127643883491,0.063864162047926068,0.40088006317018848,0.0069944983430507692
0.37514700907516174,0.25009800605010785,0.26056200679260499,0.11419297808212542
0.59585213716729846,0.10578481726208959,0.28668267204666464,0.011680373523947287
0.59291395270787306,0.14822848817696826,0.1350091077787518,0.12384845133640686
0.54227203207994956,0.090143993270619394,0.3436197072789775,0.023964267370453558
0.43093724408956574,0.10773431102239144,0.35870549935328533,0.1026229455347574
0.38992842278475393,0.14910567155891197,0.42751021894648944,0.03345568670984464
0.48027655070934494,0.12006913767733624,0.28028854627428479,0.11936576533903405
0.81028630890243503,0.0,0.17923390313427978,0.010479787963285039
0.5706384973953369,0.11608265251971629,0.30918543393956821,0.0040934161453793864
0.48210577402098032,0.10689574808196213,0.40029781952152194,0.010700658375535766
0.3756979313189886,0.25046528754599245,0.25823994944949236,0.11559683168552662
0.58477702300148471,0.14619425575037118,0.21738660001049701,0.05164212123764713
0.24959294640295265,0.04505854741123079,0.69852355952376011,0.0068249466620563543
0.54663157971444243,0.13665789492861061,0.27247222333589749,0.044238302021049385
0.54705358479269928,0.13676339619817482,0.25201903363871669,0.064163985370409377
0.61041168884943364,0.0,0.36834791247299281,0.021240398677573338
0.34660980551366288,0.1226242290191439,0.5074026538059917,0.023363311661201543
0.1813090838385964,0.2719636257578944,0.53882167945561554,0.0079056109478930683
0.30145728024086882,0.10202972933746564,0.58578484652007168,0.010728143901593981
0.26258673752172879,0.39388010628259312,0.34149812428289367,0.0020350319127841938
0.42140325772899628,0.15878500645390295,0.39421398697469273,0.025597748842407907
0.39418831803919968,0.09854707950979992,0.40141538406132832,0.10584921838967216
0.57066303510268579,0.0,0.38571991041618325,0.04361705448113104
0.38975095735368953,0.097437739338422383,0.42532347054304981,0.087487832764838347
0.24684950909859335,0.030632266274259606,0.71692772442755992,0.0055905001995870916
0.5864023364822234,0.096700704603774792,0.28532382658653127,0.031573132327470568
0.4433355397262434,0.066500695214521621,0.4809401568910886,0.0092236081681466922
0.58965417141717769,0.10181151543160344,0.29180043157422009,0.016733881576998698
0.36449882561750924,0.091124706404377309,0.40736739257129756,0.13700907540681589
0.44194776151043325,0.11048694037760831,0.41723682521678795,0.030328472895170645
0.40326538759921871,0.10081634689980468,0.46167013394199025,0.034248131558986226
0.64178387517723001,0.16914495676850846,0.18775282378513886,0.00131834426912234
0.45576619171267613,0.09777758541431622,0.42900543760460202,0.01745078526840568
0.21488284696959825,0.047111066582141425,0.72229079898893178,0.015715287459328559
0.48577485949722149,0.11846230594364268,0.38740149659531631,0.0083613379638196109
0.63336736323406806,0.048934095761664298,0.31201169941153972,0.0056868415927276558
0.47689997146350871,0.11922499286587718,0.36403895203198305,0.039836083638630955
0.52550914788185699,0.095724240585598877,0.36304218999406879,0.015724421538475402
0.42116711875930696,0.11396150307551844,0.43831200791301012,0.026559370252164458
0.42050168964130313,0.10512542241032578,0.45075479488314885,0.023618093065222286
0.38745813174437466,0.096864532936093664,0.39862789586744263,0.11704943945208911
0.68496636406762934,0.11203146918601091,0.19855468176955898,0.0044474849768006315
0.46253886141571987,0.11563471535392997,0.36275042082883424,0.059076002401515705
0.30412669599679149,0.076031673999197871,0.6057600972193754,0.01408153278463512
0.65537329970036606,0.079799261882429931,0.25859471765769848,0.0062327207595054791
0.481988019514413,0.10664892909995985,0.40332187315873652,0.0080411782268907991
0.54448373754069646,0.10001594617853711,0.33999114835127398,0.01550916792949244
0.56481268885333691,0.098791189462967763,0.3118256470990981,0.024570474584597091
0.38573165778438828,0.25715443852292552,0.23343819890937276,0.12367570478331338
0.40248146357064446,0.26832097571376301,0.25993318821374567,0.069264372501846888
0.23434813424933543,0.032984251393868201,0.71522772378994148,0.017439890566854833
0.45516516535496337,0.11379129133874084,0.34698362274803207,0.084059920558263779
0.48253444888529806,0.1077717765468334,0.40317233125940571,0.0065214433084626435
0.56921043417955219,0.14230260854488805,0.24696940219375269,0.04151755508180717
0.55475524249549446,0.13114605287947964,0.29587557561360844,0.01822312901141749
0.60951291039185873,0.1069693229610602,0.26136358245518249,0.022154184191898581
0.54755100220513764,0.095808099693472148,0.34184636346558595,0.014794534635804373
0.57889240743253423,0.14472310185813356,0.25474123520567515,0.021643255503657276
0.30458904986990354,0.08829001570832018,0.58684164578343667,0.020279288638339502
0.47422488652368966,0.057860029866615044,0.46126306649999749,0.0066520171096978772
0.28120790922610289,0.4218118638391542,0.29493733087787222,0.002042896056870692
0.62274353302324925,0.050410026572390867,0.32132365709316124,0.005522783311198703
0.23987589378626653,0.059968973446566633,0.64169171325968455,0.058463419507482198
0.74463723642014279,0.089095257571520814,0.15573312412592072,0.010534381882415369
0.59640182475037073,0.14910045618759268,0.20237576499692367,0.052121954065112892
0.7307648898321697,0.059507515612662591,0.19455825445079047,0.015169340104377134
0.21834420895112172,0.054056181657738463,0.72466401068576702,0.0029355987053725423
0.44597069225262675,0.11149267306315669,0.33081293538601786,0.11172369929819873
0.54178466349798937,0.13544616587449734,0.24988069837055879,0.072888472256954523
0.53228131552239955,0.068018522698939543,0.39184067311376408,0.0078594886648968559
0.5534176869258054,0.08216076013086876,0.35566398468134031,0.0087575682619856175
0.37909193519068529,0.094772983797671323,0.44834338250956851,0.077791698502074902
0.3577819451003823,0.14873409687745465,0.46788759448808065,0.025596363534082379
0.48603612984849509,0.13567995112586795,0.37244925467362994,0.0058346643520068913
0.49065794029869658,0.10879252040171233,0.3927267160667639,0.0078228232328269795
0.49555417814108021,0.1390684933772896,0.34050312655484144,0.024874201926788738
0.59890743524143586,0.11409787163346601,0.28192192125149529,0.00507277187360253
0.3337371074736834,0.11728478736884744,0.5194181620191658,0.029559943138303246
0.65334353287510505,0.16333588321877626,0.12353064771058946,0.059789936195529275
0.25026153132432588,0.032136818989435857,0.70447165960944769,0.013129990076790873
0.4924683669566508,0.1231170917391627,0.33122876493414988,0.053185776370036603
0.74393406970057796,0.092513305551277236,0.15883632086291935,0.0047163038852253338
0.58837298822227546,0.12391118754009489,0.28386161158563228,0.0038542126519976981
0.52330884902407893,0.13082721225601973,0.24141946198848047,0.10444447673142088
0.71054599775377769,0.045916869826071745,0.23004013365913109,0.013496998761019374
0.51454421325716238,0.070799488196662305,0.40754568404780445,0.0071106144983710887
0.24513412723239225,0.041421539936303334,0.70324604182594286,0.010198291005361399
0.54544288782171013,0.10262706992580838,0.32777709358835105,0.0241529486641304
0.58201989885736549,0.041135786543371203,0.36375218557691791,0.013092129022345331
0.2141140892370802,0.039776719147092514,0.72833097836132032,0.017778213254506924
0.41852292534313817,0.10463073133578454,0.37897388647842145,0.097872456842655817
0.21401201195228045,0.054144331072472233,0.72880416342798882,0.0030394935472583024
0.46031329547945737,0.079258321385087871,0.45020843846653685,0.010219944668917737
0.50443425287533739,0.10964541480275183,0.37269300918156911,0.013227323140341422
0.48438174759659686,0.086990888492114185,0.40152166046165111,0.027105703449637933
0.65060787283462074,0.046964820034675551,0.29039536933554683,0.012031937795156846
0.35595179489464324,0.088987948723660809,0.5205823256375125,0.034477930744183205
0.50443208870647438,0.12610802217661859,0.34492396356290328,0.024535925554003624
0.66557348405691008,0.0,0.27986724608662716,0.054559269856462735
0.22708063337113268,0.056770158342783171,0.67982916279171546,0.036320045494368895
0.34986360546699435,0.23324240364466292,0.2992127927508984,0.11768119813744433
0.61212481699083088,0.15303120424770772,0.10320409737362993,0.13163988138783148
0.57536260083338386,0.052164391537468643,0.36916221284051659,0.003310794788631027
0.4663565407248314,0.10583489627810751,0.41904949476392006,0.0087590682331410881
0.30518174332929654,0.11384617278042375,0.5480365813665985,0.032935502523681347
0.53421163755939716,0.077239349540864755,0.37375299729431133,0.01479601560542685
0.3147211177267718,0.07046316824342741,0.59566249592602494,0.019153218103776157
0.54382849905567021,0.098569736301433342,0.34718541764461214,0.010416346998284313
0.22425499484844436,0.042369281108107754,0.72641579583330862,0.0069599282101394612
0.50853783517203965,0.12713445879300991,0.26203912686534875,0.10228857916960171
0.48477157309015501,0.1007001360578926,0.40833316990638396,0.0061951209455684388
0.46948580155677688,0.11737145038919422,0.3152048039846676,0.097937944069361307
0.30684473516386868,0.050248357618519389,0.62634793196710348,0.016558975250508454
0.23251225037247639,0.058128062593119097,0.66492573085076379,0.044433956183640787
0.49223111201578817,0.12305777800394704,0.26635602510817591,0.1183550848720889
0.49774933806773558,0.1244373345169339,0.29039365372150533,0.087419673693825195
0.58449398600841196,0.053480595418209528,0.34956658033937565,0.01245883823400284
0.38829179997777652,0.25886119998518436,0.23225132879962807,0.12059567123741105
0.39460148124590999,0.098650370311477498,0.4884571541971896,0.018290994245422874
0.5833747777549102,0.10079552163254678,0.30168170387075771,0.014147996741785665
0.65564724775427152,0.11837414775923991,0.21836047153403795,0.007618132952450403
0.31119221991350832,0.46678832987026236,0.22068824717413654,0.0013312030420930649
0.37327114934988748,0.24884743289992503,0.25511022221499952,0.12277119553518796
0.42769995953983686,0.070220931968668646,0.46839652923993963,0.033682579251554712
0.35942424266138023,0.052040008723924031,0.56603049322784071,0.022505255386854932
0.41574640051232847,0.10393660012808212,0.44448206282602715,0.035834936533562164
0.37685670122277803,0.25123780081518543,0.25727648316499596,0.1146290147970406
0.45842637387927043,0.090463277292723562,0.43917543938845605,0.011934909439549923
0.60488667620864545,0.093226689756155431,0.29520788058989467,0.0066787534453042509
0.49957877547259155,0.044503505104421769,0.43864060072066419,0.01727711870232233
0.57121879143026455,0.13539256416170137,0.29065371430320081,0.0027349301048337489
0.52414256831650086,0.093565417144008414,0.34784096381736312,0.034451050722127625
0.58625554143676295,0.076917201020909542,0.29786303920425539,0.038964218338071982
0.49147249083353522,0.096017171794884268,0.38582341263466585,0.026686924736914489
0.57513671456031157,0.14378417864007789,0.22910465419799192,0.051974452601618558
0.4469006196692783,0.063544146155806461,0.47853867179107845,0.011016562383836765
0.24761708988733225,0.038702945124764868,0.70329346472951337,0.010386500258389423
0.32154195160507137,0.21436130107004764,0.37487225929182727,0.089224488033053731
0.40101806001416507,0.10237467785184125,0.49444851624679548,0.0021587458871981016
0.37760479123689311,0.25173652749126213,0.29426770780065559,0.076390973471189103
0.33777837867290089,0.084444594668225223,0.4860468851293559,0.091730141529517972
0.5117723055997121,0.13356440648294651,0.34428412902406114,0.010379158893280368
0.37345744552694266,0.093364361381735664,0.50013703943894761,0.033041153652374124
0.51451985993756622,0.071128175682224001,0.39364638375343952,0.020705580626770297
0.48525343184760833,0.16651528084422235,0.34410648776428243,0.0041247995438870701
0.6371701977280243,0.039710350192881765,0.31159927101018903,0.011520181068904971
0.45182328147052364,0.11295582036763091,0.34734683445195058,0.087874063709894853
0.48488611057060954,0.12122152764265239,0.26969804220928839,0.12419431957744975
0.38915544648281086,0.25943696432187396,0.28897153208458215,0.062436057110733079
0.57305302983414541,0.052832915250853305,0.36323052192428379,0.01088353299071753
0.47195518514644447,0.11798879628661112,0.31274033203225382,0.097315686534690526
0.53173437842757099,0.089009827618303866,0.34503755148036824,0.03421824247375696
0.17018887068103328,0.25528330602154997,0.56046744728741593,0.01406037601000096
0.58440981325557007,0.0,0.36995798773731597,0.04563219900711387
0.61356000534491062,0.15339000133622765,0.19172662690553904,0.041323366413322571
0.52637402519760379,0.085327899826625739,0.37860136516524651,0.009696709810523875
0.43449342311829647,0.13279832674319494,0.41238337628191019,0.020324873856598272
0.37310701326359352,0.074767833252499638,0.54310102801657201,0.0090241254673348141
0.23171965950451173,0.057929914876127933,0.66377266161514015,0.046577764004220007
0.49817792613360884,0.12454448153340221,0.32187927481832779,0.055398317514661191
0.38855298064750832,0.097138245161877079,0.42884151692642825,0.08546725726418633
0.48226379478184117,0.063615782071137369,0.43945051378352246,0.014669909363498901
0.53618547938271022,0.059775304690553553,0.39509549104740693,0.0089437248793294791
0.38582380372956376,0.25721586915304251,0.27960800464308011,0.077352322474313576
0.64740190075907789,0.0,0.3001522447265435,0.052445854514378457
0.50029315868862156,0.027758560520158179,0.44561071364272931,0.026337567148491042
0.40522836097992532,0.27015224065328358,0.24567129946759358,0.078948098899197502
0.49533065654835445,0.099641082157864588,0.38598063977893871,0.019047621514842263
0.37752830258471631,0.030707429055660904,0.57966936049262019,0.012094907867002767
0.33510386839898548,0.223402578932657,0.33246647494751203,0.1090270777208454
0.62848781552004473,0.15712195388001118,0.16850128121744179,0.045888949382502285
0.3606391505301898,0.09015978763254745,0.43230871561219203,0.11689234622507068
0.46798053375011672,0.076813072834876497,0.42689179352093537,0.028314599894071372
0.51339287694680469,0.13191507802375968,0.34805510305947568,0.006636941969959986
0.65466430597122571,0.035850910074054484,0.29672081945495926,0.012763964499760395
0.28560106682029118,0.42840160023043677,0.28224467979129292,0.0037526531579792255
0.52958725173291588,0.013494551258967489,0.41693286109112448,0.039985335916991965
0.36528718125771786,0.091321795314429466,0.44293306958735551,0.10045795384049723
0.63972739484816732,0.064920639043809694,0.27510161318409865,0.020250352923924426
0.39443846134048099,0.077495883118494605,0.51650184197608795,0.011563813564936356
0.52681043442531517,0.081858654706412418,0.35547228139073733,0.035858629477535292
0.37948495019381179,0.2529899667958746,0.24306861776564659,0.12445646524466701
0.37626871227969455,0.25084580818646307,0.27366536168314126,0.099220117850701076
0.60400419015447271,0.15100104753861818,0.20853559347247388,0.036459168834435077
0.63471933815517123,0.064430906592162759,0.28795283115663045,0.01289692409603568
0.86460485688820843,0.0,0.12179065189947026,0.01360449121232135
0.43792799025287055,0.10948199756321764,0.42960396242474796,0.022986049759164129
0.47856817311709898,0.064431746053903394,0.43295162006255422,0.024048460766443711
0.40161864598499558,0.26774576398999711,0.2419327427370831,0.088702847287924269
0.40047094650508303,0.2669806310033887,0.24835069680930694,0.084197725682221267
0.82331225277404896,0.0,0.164396804456996,0.012290942768954677
0.43054999014889078,0.093123474626462463,0.45319305611852445,0.023133479106122356
0.48052496297751068,0.12013124074437767,0.28328427342432666,0.11605952285378501
0.51458366581344983,0.12864591645336246,0.28562115937344168,0.071149258359745962
0.66999731248954486,0.069027263547298795,0.25489732835186701,0.0060780956112891898
0.55350513254004718,0.11143396087134247,0.32143597924684125,0.013624927341769065
0.58091974785696698,0.11474069691486191,0.30142300988842691,0.0029165453397441174
0.65983937736756559,0.080983932760547064,0.24846844084872463,0.010708249023162782
0.66782333550737161,0.031590413360489608,0.28800235544450364,0.012583895687635282
0.22792982767260372,0.046893035067591522,0.7160198500056123,0.0091572872541922229
0.66632180942888963,0.16658045235722241,0.13683505456444556,0.030262683649442509
0.44327801686396756,0.22392995446428607,0.30756324841654159,0.025228780255204902
0.61199377697380952,0.067735519369974143,0.309600690660425,0.010670012995791461
0.41123296712729523,0.10280824178182381,0.40762728255130887,0.078331508539572173
0.47799029703674395,0.11949757425918599,0.36288764849091637,0.039624480213153575
0.24835060351079741,0.062087650877699352,0.64126054156760759,0.048301204043895707
0.44853822196367954,0.096699036519109119,0.44795019300279337,0.0068125485144180939
0.58376214866999976,0.11620299120802634,0.27884929298224009,0.021185567139733612
0.5752366859267336,0.1673048266148959,0.25275382971884552,0.0047046577395250758
0.34327827984950732,0.22885218656633821,0.31512618023308936,0.11274335335106514
0.49551291113650769,0.12387822778412692,0.24753087060449488,0.13307799047487043
0.54420695772348937,0.015763964290564467,0.41262356555313118,0.027405512432815003
0.49552003734483435,0.10386319765175291,0.39334221578995626,0.0072745492134565918
0.43474490822835105,0.10868622705708776,0.36592638352721552,0.090642481187345733
0.60759178590073137,0.047618075840929822,0.33275937272111777,0.012030765537221103
0.50779611900233079,0.11679111204360385,0.36038958989310738,0.015023179060958035
0.58037193090239891,0.04644419866681649,0.36344591171690627,0.0097379587138785757
0.51484816178873305,0.12871204044718326,0.25203073223702988,0.10440906552705381
0.52288825976148634,0.11750873404050113,0.34902296155994039,0.010580044638071938
0.4007975192317253,0.10019937980793132,0.38880827070952406,0.1101948302508194
0.54670903538995275,0.064491251017190401,0.36251103286681902,0.026288680726037739
0.59396728955705491,0.10236361800131646,0.26431308836138828,0.039356004080240488
0.42218830036905153,0.16596622006173004,0.38800427006584282,0.023841209503375781
0.45736981240158109,0.079143794419467658,0.43516330408483211,0.028323089094119191
0.44267766849663404,0.11748300211046635,0.42355387868013245,0.016285450712767106
0.49194255837819278,0.09581083839615602,0.39592377127283118,0.016322831952820256
0.38631257181270523,0.096578142953176307,0.44002252974758727,0.077086755486531183
0.70156017622596389,0.12149450007860749,0.14846919141707945,0.028476132278349248
0.52908572581790214,0.17566663439844135,0.2918644655376294,0.0033831742460269827
0.52190510302819326,0.14773266207590954,0.32570482287912922,0.004657412016768247
0.56967674934129886,0.056994751360071587,0.36438041063480403,0.0089480886638258431
0.2169207554529809,0.054481776795263705,0.72558052133032314,0.0030169464214324006
0.54468134925745759,0.1361703373143644,0.25092855897816702,0.068219754450010966
0.45208579698304113,0.11302144924576028,0.39073909961180103,0.044153654159397218
0.43102133195534814,0.082109827366403682,0.47507365720960254,0.011795183468645378
0.30265330569214066,0.11671054235505454,0.5540977653785194,0.026538386574285429
0.58339515626323746,0.060847552329702875,0.31996944384623011,0.035787847560829533
0.52139718522097211,0.097882987141605954,0.37261209967060499,0.0081077279668169983
0.51670768091828723,0.12917692022957181,0.26666095503502474,0.087454443817116187
0.50566062567300263,0.12641515641825066,0.25522749607559581,0.11269672183315094
0.59406592478729592,0.14851648119682398,0.21809900243739636,0.03931859157848365
0.59664772911838715,0.14916193227959679,0.22627044018830877,0.027919898413707324
0.24136920788101365,0.36205381182152041,0.39177857807288896,0.0047984022245770429
0.45086820052625065,0.061111312184924806,0.46762467851069922,0.020395808778124871
0.49833268246317908,0.085994589991015863,0.38767912213210892,0.0279936054136962
0.61534663455559713,0.0,0.36447262037237366,0.020180745072029372
0.34002948455278115,0.085007371138195287,0.54808919973891812,0.026873944570105543
0.37686460980413417,0.25124307320275613,0.22393734676248153,0.14795497023062817
0.24433824631756443,0.043356289171455786,0.70350175790740155,0.008803706603578312
0.55474908321013883,0.098051188418174159,0.34223783501086452,0.0049618933608225188
0.38050953620136196,0.079637837477567863,0.53535894913887216,0.0044936771821981383
