1,0.47270725838558764,0.12318036559339413,0.35623417662867352,0.047878199392344646
1,0.37829158481888103,0.56743737722832144,0.0,0.05427103795279753
3,0.044933152234591739,0.067399728351887608,0.77621790416006853,0.11144921525345214
1,0.531437065814507,0.10162982656898649,0.31236583831404702,0.054567269302459566
2,0.32956428529917486,0.0,0.59518842896853896,0.075247285732286118
2,0.30211870779699473,0.0,0.52519979147745255,0.17268150072555277
2,0.12836501693304442,0.1925475253995666,0.57130115007967786,0.10778630758771122
1,0.36068201702202468,0.54102302553303694,0.0,0.098294957444938283
2,0.54844513476275092,0.078178824246655051,0.32220809747105134,0.051167943519542687
1,0.35713464598357919,0.5357019689753687,0.0,0.10716338504105201
1,0.3541159785183397,0.53117396777750947,0.0,0.11471005370415077
2,0.12244780652710165,0.18367170979065248,0.54815497605111696,0.14572550763112888
1,0.34959679315546577,0.22628463478720731,0.3663850476505297,0.05773352440679725
3,0.12808347427561576,0.19212521141342362,0.59606627467189788,0.083725039639062748
1,0.37908599964438294,0.5686289994665743,0.0,0.052285000889042782
2,0.35549816608524842,0.23320706979545483,0.36266078109539412,0.04863398302390274
4,0.072071033053771216,0.010275061234430876,0.85173243957134026,0.065921466140457533
4,0.05316993906747404,0.013530011800629523,0.8840877183173389,0.049212330814557524
1,0.87600352778167567,0.0,0.0,0.12399647221832431
2,0.31898508238946149,0.0,0.56414094082737576,0.11687397678316268
3,0.1735573115419746,0.033330748558523235,0.74935863883564258,0.043753301063859398
1,0.37153649463969052,0.55730474195953572,0.0,0.07115876340077372
2,0.12980137466523681,0.19470206199785522,0.57005061262367585,0.10544595071323218
1,0.9015642328384883,0.0,0.0,0.098435767161511659
3,0.11772126188528871,0.17658189282793305,0.59796358764270219,0.10773325764407604
2,0.33095353144997192,0.0,0.61014870356793949,0.058897764982088631
1,0.23784848043208537,0.35677272064812804,0.35411522971265458,0.051263569207132181
1,0.8789980754381076,0.0,0.0,0.1210019245618924
1,0.3613205622935648,0.23240654051905202,0.3727038011817192,0.033569096005664059
3,0.048000996447667491,0.072001494671501243,0.78083929391338347,0.0991582149674477
4,0.033611671089334445,0.050417506634001671,0.85276811183277623,0.063202710443887644
2,0.13438989902811529,0.2015848485421729,0.60828196062303275,0.055743291806679189
2,0.1282477213001289,0.19237158195019333,0.56864621742188692,0.11073447932779079
1,0.36204656220337111,0.54306984330505659,0.0,0.094883594491572243
2,0.33770545514336964,0.50655818271505448,0.073077897945714634,0.0826584641958613
2,0.4815619947753253,0.092848835258567033,0.37714853822068672,0.048440631745420973
2,0.34410326780063322,0.5161549017009498,0.039325350696478953,0.10041647980193798
1,0.45256947247777995,0.33889465297072302,0.17287907415481321,0.035656800396683973
2,0.25641099530451239,0.38461649295676859,0.31397326693508731,0.044999244803631801
3,0.065459372124547541,0.098189058186821318,0.81305155870574553,0.023300010982885755
2,0.12141447395439998,0.18212171093159993,0.55248367311120672,0.14398014200279341
2,0.54984952865787606,0.068864403627531198,0.33042664850008691,0.050859419214505763
2,0.266116222421315,0.39917433363197252,0.29193071210139449,0.042778731845318017
1,0.3512115931676868,0.52681738975153014,0.0,0.12197101708078302
2,0.13117039331852376,0.19675558997778561,0.55744551947664123,0.11462849722704943
3,0.047279391863693537,0.070919087795540292,0.78467975643533072,0.097121763905435324
2,0.13599005867003003,0.20398508800504506,0.55432468741528007,0.10570016590964484
1,0.25083514919356764,0.37625272379035141,0.34188543353452394,0.031026693481556965
1,0.37077622774746538,0.55616434162119799,0.0,0.073059430631336547
1,0.90113204824075144,0.0,0.0,0.098867951759248604
3,0.11912781167328658,0.17869171750992988,0.57812723604029836,0.12405323477648521
3,0.045832687121502035,0.068749030682253048,0.8143221182597169,0.071096163936528095
2,0.13356068211549285,0.20034102317323926,0.57250681517947899,0.093591479531788979
2,0.31947944608889356,0.47921916913334023,0.10354495300518489,0.097756431772581323
3,0.1201147505146519,0.0,0.78896980727517318,0.090915442210174918
1,0.23076718372677815,0.34615077559016721,0.35635034084488126,0.066731699838173453
1,0.36167876354453576,0.32260873883467395,0.25303609524507931,0.062676402375710955
2,0.4128370700752233,0.26867089704723368,0.28661096370537492,0.031881069172168076
1,0.39019336387186426,0.30350789330914713,0.27174091634548569,0.034557826473502869
1,0.3641789849572033,0.54626847743580487,0.0,0.089552537606991778
1,0.36839817280406301,0.55259725920609448,0.0,0.079004567989842622
1,0.37223746851215989,0.55835620276823972,0.0,0.069406328719600438
1,0.46694387036781021,0.27626163006018095,0.21742079959422425,0.039373699977784567
1,0.35237985501986802,0.15846574326021365,0.46989146672475007,0.019262934995168225
1,0.34973275185625907,0.20032934219174833,0.39302457800296758,0.056913327949024886
2,0.43313695397689933,0.25493312598999879,0.27825944778725048,0.033670472245851499
4,0.048545729547566238,0.032357778685332329,0.88460284328952488,0.034493648477576487
4,0.028954130650050286,0.043431195975075429,0.85845550845198415,0.069159164922890148
2,0.32612864002910846,0.48919296004366264,0.079064443353886293,0.1056139565733426
4,0.058751104098754843,0.012933343955859556,0.86700778075751483,0.061307771187870848
4,0.033086729148121517,0.049630093722182259,0.86911583209365961,0.048167345036036445
1,0.36638934715950749,0.54958402073926116,0.0,0.084026632101231249
3,0.11775233778197787,0.17662850667296681,0.62077337567225788,0.084845779872797414
2,0.12799723821183728,0.1919958573177559,0.58000638773801694,0.10000051673238985
1,0.60989078510770178,0.07790053263263666,0.25350117648137871,0.058707505778282952
2,0.11996014759923475,0.17994022139885213,0.58967095457925423,0.11042867642265884
4,0.081872675532698683,0.0082871190458239669,0.87419065035916077,0.035649555062316589
2,0.24530649102948493,0.36795973654422737,0.32830894910817382,0.058424823318113876
4,0.029355878529219708,0.044033817793829554,0.86551889122015158,0.061091412456799096
3,0.14297327387825756,0.10117054230947264,0.7095943289944785,0.046261854817791451
4,0.033086182869295766,0.049629274303943642,0.86199749005086745,0.055287052775893034
2,0.12169468277980293,0.18254202416970439,0.56491730385874195,0.13084598919175072
1,0.90227718193020989,0.0,0.0,0.097722818069790079
3,0.047871482549031431,0.07180722382354715,0.80763980127389878,0.072681492353522614
3,0.10226910056704966,0.15340365085057447,0.70891222509648655,0.035415023485889277
2,0.30581027701527502,0.4587154155229124,0.098163937140337137,0.13731037032147539
1,0.48170962375711163,0.261732489085655,0.22657183828033614,0.02998604887689716
3,0.11474147755818317,0.0,0.76150655608886575,0.12375196635295101
2,0.12586448777470671,0.18879673166206007,0.60247620841837823,0.082862572144854957
4,0.026694648456159278,0.040041972684238911,0.89439551656320349,0.038867862296398388
1,0.37549817036140964,0.56324725554211441,0.0,0.061254574096475972
1,0.8870996981713446,0.0,0.0,0.11290030182865539
1,0.35059945861778707,0.52589918792668056,0.0,0.12350135345553237
2,0.12770983586575299,0.19156475379862947,0.57706205587537585,0.10366335446024166
3,0.11723914676799306,0.17585872015198958,0.58384143836464852,0.12306069471536883
1,0.20965523173551348,0.31448284760327022,0.44141122877126243,0.034450691889953873
2,0.34850913440497122,0.52276370160745678,0.052720441972673615,0.076006722014898387
3,0.10920598769191288,0.0,0.76343422288981522,0.12735978941827183
1,0.35711913084717728,0.53567869627076592,0.0,0.1072021728820568
1,0.36565432024320438,0.54848148036480648,0.0,0.085864199391989138
4,0.029230118690330924,0.043845178035496389,0.88132706063207711,0.045597642642095593
3,0.15643818361560249,0.069762582983789095,0.73828723320942113,0.035512000191187262
1,0.95918153192512334,0.0,0.0,0.040818468074876657
1,0.36260893056145493,0.54391339584218235,0.0,0.093477673596362706
4,0.0337800295739972,0.050670044360995807,0.86318575305986656,0.052364173005140423
1,0.36531329593979728,0.26819752527394958,0.32036782101248573,0.046121357773767462
1,0.9510484925400664,0.0,0.0,0.048951507459933596
2,0.32250322711209062,0.4837548406681359,0.05872886400565816,0.13501306821411527
2,0.13033282937353263,0.19549924406029895,0.55395750369445884,0.12021042287170958
2,0.43084879063493675,0.11358874246269524,0.4099469024884318,0.045615564413935994
1,0.9422130286128273,0.0,0.0,0.057786971387172738
3,0.15106650979608668,0.081445527547849547,0.73013193909976104,0.037356023556302749
4,0.07514195528504776,0.0086390479473758292,0.87202548437556704,0.044193512392009505
2,0.13016470452314449,0.19524705678471677,0.58647972741239207,0.088108511279746671
2,0.13128750042828116,0.1969312506424217,0.58243763525401393,0.089343613675283193
2,0.43365934182626903,0.24047819636484644,0.28830888815175348,0.037553573657130884
3,0.14414658013860498,0.043252017282197207,0.7731622588182463,0.039439143760951534
1,0.35095942802329971,0.52643914203494957,0.0,0.12260142994175072
4,0.060812932309917293,0.011622658746618093,0.86552087703578207,0.062043531907682595
4,0.03379437413867771,0.050691561208016558,0.86607236427098289,0.049441700382322831
2,0.33586227360113025,0.50379341040169534,0.09471236661804644,0.065631949379127918
3,0.15270679471834514,0.041039110941416872,0.74770869147218888,0.058545402868049018
4,0.05718750721820115,0.029348509691834258,0.87746995543205308,0.035994027657911307
1,0.87897600282535115,0.0,0.0,0.12102399717464885
2,0.13223953544869838,0.19835930317304756,0.58993798374383921,0.079463177634414753
1,0.45864813426518813,0.12275048884271354,0.36249946219138357,0.056101914700714718
2,0.31726303660334632,0.47589455490501942,0.096096595218878228,0.11074581327275604
1,0.40206509863880335,0.31537254802641412,0.24515179694769471,0.037410556387087845
2,0.55236932859508148,0.08560168876590922,0.32215149526765807,0.039877487371351189
2,0.40506772749951203,0.26783065920926724,0.29223272853939403,0.034868884751826541
3,0.075608132743116591,0.11341219911467489,0.76078942829920715,0.050190239843001222
2,0.33787692242169137,0.0,0.58314022797758058,0.078982849600728156
3,0.1492179885855052,0.038868112030718424,0.75291702930355719,0.058996870080219206
4,0.030948255966859132,0.046422383950288693,0.88764262508782243,0.03498673499502971
2,0.12179446172395793,0.18269169258593687,0.56883356835273413,0.12668027733737103
2,0.41951891699293636,0.25800169804111434,0.28468320501719629,0.037796179948753013
3,0.15608710639331419,0.066196969564599445,0.7476460503649921,0.030069873677094159
2,0.13869892343421125,0.20804838515131688,0.58715011757702007,0.066102573837451731
1,0.35390329037958379,0.27200358140536496,0.32167251823698095,0.05242060997807034
1,0.91830388813435671,0.0,0.0,0.081696111865643281
4,0.067226004467846864,0.010760332626618678,0.868060434979949,0.053953227925585531
4,0.027280594930106046,0.040920892395159059,0.89225506292171852,0.039543449753016421
3,0.14817337130872646,0.035749878618489148,0.74710238528056572,0.06897436479221862
1,0.36070126197330388,0.54105189295995582,0.0,0.098246845066740279
1,0.3697180696859067,0.24129873837380544,0.35365980235114319,0.035323389589144716
1,0.36569879891985069,0.54854819837977598,0.0,0.085753002700373337
1,0.39088787535753861,0.26994372629825636,0.29905459973382842,0.040113798610376533
3,0.11667027209595146,0.17500540814392718,0.59296204882006687,0.11536227094005447
3,0.11499826355357257,0.17249739533035882,0.63929405330084832,0.073210287815220362
1,0.27078049684628763,0.40617074526943142,0.26835495407361654,0.054693803810664451
3,0.12281152068634887,0.0,0.79462278286135424,0.082565696452296805
2,0.44234055189999844,0.10740672101487345,0.39496886612099236,0.055283860964135699
1,0.84512029621636287,0.0,0.0,0.15487970378363711
1,0.37406596477806958,0.56109894716710429,0.0,0.064835088054826087
2,0.31803945816879409,0.47705918725319107,0.092105328120054342,0.1127960264579605
2,0.4810171580222361,0.092318773039165594,0.38789715927725199,0.038766909661346445
2,0.39099098421231704,0.24109069272843753,0.32805461981578099,0.039863703243464568
2,0.43361361212195004,0.092696670861988364,0.39628772381160232,0.077401993204459438
2,0.12518364893404862,0.1877754734010729,0.5822194835948592,0.10482139407001918
2,0.31705554966106486,0.47558332449159729,0.083029135581071639,0.12433199026626621
1,0.37308352106557652,0.55962528159836478,0.0,0.067291197336058692
2,0.39318397168151376,0.26083778406560987,0.31830558143108695,0.027672662821789398
1,0.66883529560035027,0.069021297730761114,0.21614985816095153,0.045993548507937056
2,0.1240153010309001,0.18602295154635015,0.57639320577080044,0.11356854165194932
2,0.23717738881703057,0.35576608322554587,0.36940428110678863,0.037652246850635007
1,0.32847439725834293,0.49271159588751434,0.0,0.17881400685414273
1,0.43723428621307076,0.29669815706607683,0.22855267290427791,0.037514883816574515
1,0.36614764895839547,0.5492214734375932,0.0,0.084630877604011334
3,0.1712905717990203,0.035408746215666885,0.74349612768639861,0.049804554298914366
1,0.34424416912633493,0.5163662536895024,0.0,0.13938957718416273
1,0.35239167217282963,0.52858750825924439,0.0,0.11902081956792594
2,0.12936469456166336,0.19404704184249502,0.58680280216693037,0.089785461428911348
1,0.36823680069048009,0.55235520103572011,0.0,0.079407998273799837
2,0.3215303980623766,0.4822955970935649,0.089638171077466619,0.10653583376659188
1,0.91687194266103322,0.0,0.0,0.083128057338966721
1,0.3634930592995666,0.54523958894934987,0.0,0.091267351751083609
1,0.35332411602033531,0.52998617403050297,0.0,0.11668970994916168
1,0.33608100326396612,0.50412150489594909,0.0,0.15979749184008477
2,0.13274816551526769,0.19912224827290151,0.61051247426559085,0.057617111946239967
2,0.13229655285004174,0.19844482927506257,0.58214657653839663,0.087112041336499094
2,0.13591249472059497,0.2038687420808924,0.55066400739722232,0.10955475580129026
2,0.13314619285935084,0.19971928928902621,0.58951000747696014,0.077624510374662919
3,0.11596376281343865,0.17394564422015796,0.62448502090281288,0.085605572063590527
1,0.89187525499873965,0.0,0.0,0.10812474500126038
1,0.90162575033903591,0.0,0.0,0.0983742496609641
3,0.22336531438353197,0.020047914710600679,0.71694459044350134,0.039642180462365777
3,0.22447744711724746,0.023771103030102936,0.69912495371600791,0.052626496136641693
2,0.13238049972029245,0.19857074958043866,0.5391488144536084,0.12989993624566051
1,0.43499820348568757,0.12806695290355341,0.393109629825387,0.043825213785372012
1,0.37976745888161428,0.56965118832242134,0.0,0.050581352795964277
4,0.060889580480360174,0.023943107881900162,0.88182575356640513,0.033341558071334348
2,0.31831549092769112,0.47747323639153655,0.08353676543611957,0.12067450724465281
2,0.12789542931431594,0.1918431439714739,0.58935538171826096,0.090906044995949203
3,0.1027430608988078,0.1541145913482117,0.63450192212197642,0.10864042563100407
1,0.92543604857882633,0.0,0.0,0.074563951421173669
2,0.24691882146864144,0.37037823220296218,0.34971623603135993,0.032986710297036502
1,0.92185533269951592,0.0,0.0,0.078144667300484041
3,0.14311075632725084,0.078730313207159716,0.75216088224256372,0.025998048223025847
3,0.11450593344711733,0.0,0.78669830440754651,0.098795762145336155
3,0.11545846678633703,0.0,0.74680216425106838,0.13773936896259464
2,0.31245786822307237,0.0,0.57304780685947465,0.11449432491745307
2,0.13194315863143319,0.19791473794714975,0.56649815835191575,0.1036439450695012
1,0.35718011604488703,0.53577017406733052,0.0,0.10704970988778256
1,0.48859407240976793,0.23665089739802317,0.23594143413500143,0.038813596057207508
2,0.31817339322706945,0.47726008984060414,0.089901015626273603,0.11466550130605287
3,0.092833439117662314,0.13925015867649346,0.7147864946457505,0.053129907560093774
3,0.043328461828611713,0.064992692742917565,0.76279217286522027,0.12888667256325043
3,0.11412302986582445,0.17118454479873668,0.62786200789084734,0.086830417444591551
1,0.8993683814377188,0.0,0.0,0.10063161856228116
2,0.12131389251268124,0.18197083876902184,0.58112969517018753,0.11558557354810942
2,0.34477352014819918,0.2010024573839049,0.42624847366683,0.027975548801065876
2,0.13326865468831475,0.19990298203247212,0.58978310645800391,0.077045256821209163
1,0.36051731035659701,0.25521383582179902,0.33677976389238812,0.047489089929215758
1,0.36354503919877518,0.30986474097212707,0.27686038598645257,0.049729833842645156
3,0.10999011250043698,0.16498516875065547,0.60398109447810167,0.1210436242708058
2,0.12286492269485627,0.18429738404228438,0.58265365191761387,0.11018404134524554
1,0.30314218364523321,0.45471327546784979,0.2044684571851553,0.037676083701761794
2,0.13707246480141086,0.20560869720211625,0.58661282699076911,0.070706011005703728
2,0.12759533559255046,0.19139300338882567,0.59101201515878055,0.089999645859843325
1,0.37123321698733797,0.55684982548100692,0.0,0.071916957531655154
4,0.066673848672042693,0.01061964945998943,0.86782742925803669,0.054879072609931204
4,0.024295393371172112,0.036443090056758172,0.89249724620857096,0.046764270363498929
2,0.28520909252986565,0.42781363879479839,0.24357739040491527,0.043399878270420626
2,0.12353675390154181,0.18530513085231273,0.58356714213781058,0.1075909731083349
4,0.030149971295324086,0.045224956942986123,0.86993626377883404,0.054688807982855893
1,0.34705911477342949,0.52058867216014415,0.0,0.13235221306642625
1,0.35973015762627031,0.53959523643940543,0.0,0.1006746059343243
3,0.11296996514493381,0.0,0.73440129732203407,0.15262873753303205
2,0.30432836456452628,0.45649254684678942,0.089811996983546277,0.14936709160513803
2,0.32130291262868982,0.0,0.60962891028894561,0.069068177082364596
1,0.64146272558687278,0.078764039845562267,0.23259525626379665,0.047177978303768367
2,0.48344349149223265,0.1857509094580044,0.2916562602118839,0.039149338837878994
1,0.34652616347423409,0.51978924521135106,0.0,0.13368459131441482
4,0.066464411879972582,0.0094452185658767673,0.85835791563990194,0.065732453914248715
3,0.11344988285810323,0.0,0.78795468678555858,0.098595430356338179
2,0.31698013063433772,0.47547019595150647,0.085813043160981359,0.12173663025317445
3,0.17723857685062835,0.035030217301623444,0.7321481536423422,0.055583052205405971
1,0.36357785920255214,0.54536678880382816,0.0,0.091055351993619735
1,0.94113292630122558,0.0,0.0,0.058867073698774447
2,0.12771136035526873,0.19156704053290305,0.54906042775756692,0.13166117135426122
1,0.36101754101567685,0.54152631152351527,0.0,0.097456147460807926
2,0.42015614855241756,0.27746083115437248,0.25521246125636537,0.047170559036844494
2,0.34099457191872773,0.0,0.5946715178573907,0.064333910223881602
3,0.15636807826783344,0.086216426046216918,0.72123976442487425,0.03617573126107531
1,0.56017966436526023,0.19973433843028629,0.20653576396913578,0.033550233235317709
1,0.34796675627531842,0.52195013441297755,0.0,0.13008310931170394
2,0.39839319108232552,0.20519465346580631,0.35359122603922644,0.042820929412641706
2,0.13664619066039529,0.20496928599059291,0.60707604748950017,0.051308475859511586
4,0.055128172119122285,0.034207521084195704,0.87004412893395811,0.040620177862723858
3,0.047384239015828146,0.071076358523742222,0.79400326748513494,0.087536134975294722
1,0.34752659713973555,0.52128989570960327,0.0,0.13118350715066115
1,0.37311485792550886,0.5596722868882632,0.0,0.067212855186227827
1,0.61914805397274864,0.084028909694304821,0.24610724134179948,0.050715794991147208
2,0.1414387393396028,0.21215810900940418,0.606966698655376,0.039436452995616961
3,0.11225584604642147,0.16838376906963218,0.61511853332000865,0.10424185156393768
2,0.12318237902583842,0.18477356853875762,0.56900797892849897,0.1230360735069051
2,0.31857567510294987,0.47786351265442478,0.099102661924456409,0.10445815031816899
2,0.31857273248628165,0.47785909872942245,0.098722417741698182,0.10484575104259766
1,0.41678265084625771,0.27349440536443254,0.27298424651875414,0.03673869727055571
3,0.12319670551556804,0.0,0.8182298582797588,0.058573436204673174
1,0.36156400993645099,0.33341039906192094,0.2383397953074893,0.066685795694138739
3,0.077729228078477361,0.11659384211771603,0.72393393822517749,0.08174299157862934
1,0.35850048292158943,0.53775072438238403,0.0,0.10374879269602651
1,0.90471887158247632,0.0,0.0,0.095281128417523675
1,0.3559490068933675,0.53392351034005125,0.0,0.1101274827665813
2,0.13680771658371979,0.20521157487557964,0.59053356592217865,0.067447142618521971
2,0.4044504041141509,0.16858965603257808,0.39677351822496143,0.030186421628309493
1,0.44519164468622963,0.28340891846892097,0.23605672062302396,0.03534271622182536
3,0.11634212379371139,0.078285169915120092,0.77732300462727422,0.028049701663894151
2,0.12851355771517706,0.19277033657276557,0.58099056060730037,0.097725545104757033
2,0.23615084199963929,0.35422626299945881,0.35165747361203442,0.057965421388867393
1,0.35127143571301683,0.52690715356952522,0.0,0.12182141071745796
1,0.35947072993815887,0.3106471274947985,0.27093107114070925,0.058951071426333379
3,0.11462351163822702,0.1719352674573405,0.58936682657096562,0.1240743943334669
1,0.34763266247098501,0.52144899370647746,0.0,0.13091834382253756
4,0.052901665793918015,0.01473816538539811,0.87110903106798621,0.061251137752697596
3,0.19275528054014029,0.028560518012430154,0.72605045190245232,0.052633749544977133
3,0.1139625680526868,0.17094385207903021,0.61698594610698099,0.098107633761302049
4,0.028462675293641732,0.042694012940462593,0.86233732065174584,0.066505991114149732
1,0.34127462106775353,0.51191193160163029,0.0,0.14681344733061613
2,0.33643969572901572,0.22273123832516006,0.41087862271464226,0.029950443231181935
4,0.029452572682944801,0.044178859024417198,0.84967291844783388,0.076695649844803843
3,0.13278055329246263,0.08966845581414494,0.73762215110388374,0.039928839789508695
3,0.1147796987265406,0.0,0.79383101064815242,0.091389290625306943
1,0.43748658463717138,0.33440440177565417,0.19447758228365386,0.033631431303520601
3,0.16195577189536287,0.076476613272997152,0.72923381959684475,0.032333795234795362
1,0.8758997415607358,0.0,0.0,0.12410025843926419
2,0.48885196981391837,0.19839605279270056,0.27605330480133039,0.03669867259205082
1,0.22535336578113976,0.3380300486717096,0.41098578673329489,0.025630798813855694
2,0.13318523135671631,0.19977784703507445,0.58412727491365968,0.08290964669454956
4,0.027945244145186999,0.041917866217780493,0.87858209049753644,0.051554799139496142
2,0.13189750040189954,0.19784625060284933,0.57320021210991023,0.09705603688534091
2,0.13389780505904031,0.20084670758856044,0.57957623865522589,0.085679248697173346
2,0.13048825685448506,0.19573238528172759,0.5904664345876609,0.083312923276126466
3,0.085010844843469019,0.12751626726520354,0.7253340846334142,0.062138803257913211
2,0.13591454421929022,0.20387181632893528,0.57255363471507437,0.087660004736700256
2,0.12813124888450469,0.192196873326757,0.56924462580993718,0.11042725197880106
3,0.11417938335820728,0.1712690750373109,0.60375099114387454,0.11080055046060727
2,0.49455058682266384,0.18747712574394124,0.28668766718203914,0.031284620251355623
2,0.3064601897577961,0.45969028463669409,0.098110629509158775,0.13573889609635104
4,0.028181429533915781,0.042272144300873664,0.87872771906217362,0.050818707103036903
4,0.062566581596736892,0.031576714600243298,0.86267506685066353,0.043181636952356328
1,0.35169758495558318,0.52754637743337474,0.0,0.12075603761104213
2,0.13708928885250399,0.20563393327875598,0.59308432893666962,0.064192448932070462
2,0.11664560800057568,0.17496841200086349,0.57276345549242702,0.13562252450613377
2,0.23805041809994149,0.3570756271499122,0.3554972242853856,0.049376730464760835
2,0.13246668329607236,0.19870002494410849,0.54962681396904467,0.11920647779077452
4,0.066234523935417455,0.011443142965196784,0.85690305876108142,0.065419274338304287
2,0.39317858300813413,0.27370873384520317,0.30077522553220232,0.032337457614460371
1,0.38892523703751664,0.58338785555627493,0.0,0.027686907406208539
2,0.36361759236884456,0.31456085591530925,0.28998185972173629,0.031839691994109777
2,0.25813500812116136,0.38720251218174195,0.2993277087470036,0.055334770950093121
2,0.13641687898230809,0.20462531847346213,0.5880776020413937,0.070880200502836055
2,0.21913362670179073,0.328700440052686,0.37830943384935312,0.073856499396170325
3,0.18403115952441279,0.03600226641386315,0.72554412047889361,0.05442245358283021
2,0.24840882426859923,0.37261323640289878,0.32689594849850334,0.052081990829998634
1,0.38090253216693815,0.57135379825040722,0.0,0.047743669582654635
4,0.05644458507404098,0.027360978305581218,0.88407262251379481,0.032121814106583095
1,0.35465779875723552,0.5319866981358532,0.0,0.11335550310691121
3,0.11184498332518335,0.167767474987775,0.58961073948682463,0.13077680220021701
4,0.061675983725707463,0.012399784845450252,0.86221617621850566,0.063708055210336609
1,0.53553972145218098,0.10121438984310527,0.32037921554646515,0.042866673158248637
2,0.13294571009678152,0.19941856514517226,0.57198125547172851,0.095654469286317753
1,0.92391544441782958,0.0,0.0,0.076084555582170421
3,0.12046470451132581,0.0,0.7933210183158117,0.08621427717286248
2,0.12953859908420051,0.19430789862630074,0.57464906520050485,0.10150443708899391
3,0.1220172484451441,0.18302587266771614,0.61045627597633056,0.084500602910809283
2,0.43249000834250556,0.10134334926836536,0.40444966817569872,0.061716974213430413
3,0.211379999850238,0.026715899339172903,0.7188086147384315,0.043095486072157636
2,0.34565073351957892,0.0,0.56004072390796211,0.094308542572458964
1,0.87425229326300502,0.0,0.0,0.12574770673699495
1,0.6598683583900038,0.068881126679146101,0.20986890670087269,0.061381608229977423
3,0.21691262355079716,0.021755651959565411,0.71468918600998477,0.046642538479652565
4,0.065136536920738064,0.0088519801645558019,0.86764140459425354,0.058370078320452698
3,0.045698082889437844,0.068547124334156773,0.74330174789182779,0.14245304488457761
3,0.11325290145181503,0.16987935217772254,0.62553573679622465,0.091332009574237843
2,0.46168602137360532,0.19084841729832364,0.31627786045757778,0.031187700870493204
3,0.048937874649627691,0.07340681197444153,0.76618045289287484,0.11147486048305583
1,0.30208625292464175,0.45312937938696263,0.20943598746529055,0.035348380223105116
1,0.35491402403474259,0.53237103605211389,0.0,0.11271493991314348
2,0.12610047117822545,0.18915070676733817,0.5810705231387947,0.10367829891564179
4,0.028279330021149324,0.042418995031723986,0.88570570016027839,0.043595974786848395
4,0.067698606130542655,0.0215855197604145,0.88051720894624974,0.030198665162793188
1,0.35938721513135347,0.53908082269703017,0.0,0.10153196217161641
4,0.056824202761031256,0.013390639171975987,0.88888224266356886,0.040902915403423785
1,0.35304161581041615,0.3200117834649065,0.26313112746795192,0.06381547325672543
1,0.90190120986004663,0.0,0.0,0.098098790139953387
2,0.3344212190355571,0.50163182855333555,0.074617938156841507,0.089329014254265843
2,0.12667348817421045,0.19001023226131566,0.57467857319951676,0.10863770636495723
2,0.34478541218490544,0.0,0.60655023344486436,0.048664354370230214
1,0.37133612570741026,0.55700418856111533,0.0,0.071659685731474382
2,0.31431032070016346,0.47146548105024516,0.10417403740010237,0.11005016084948907
1,0.37019159595787354,0.55528739393681026,0.0,0.074521010105316199
1,0.27668698218925236,0.41503047328387843,0.23767603646997956,0.070606508056889866
1,0.36983881721155093,0.55475822581732637,0.0,0.075402956971122814
2,0.21301191208282849,0.31951786812424271,0.41954411383548174,0.047926105957447167
2,0.30951997523212788,0.46427996284819179,0.11955819411450681,0.10664186780517358
2,0.12278516613254087,0.1841777491988113,0.5629968671957849,0.13004021747286285
2,0.31310687546645444,0.46966031319968155,0.1048514215372828,0.11238138979658122
3,0.16237353919875,0.037208028785665696,0.7610439313846622,0.039374500630922113
3,0.11417962028892321,0.1712694304333848,0.62856691338037851,0.085984035897313391
2,0.12881132810373155,0.19321699215559732,0.57719437793825434,0.1007773018024168
2,0.13485706994926475,0.20228560492389713,0.56025361346688751,0.10260371165995066
4,0.055109391245742052,0.030743138259967398,0.87883744709322054,0.035310023401070069
4,0.042981128954806547,0.027281511466995933,0.89304192192514265,0.036695437653054962
1,0.35916739855275254,0.53875109782912878,0.0,0.10208150361811874
2,0.1291859884456367,0.193778982668455,0.57234766020800265,0.10468736867790569
4,0.040938950189811349,0.035393374010065745,0.90533147767593591,0.018336198124186732
3,0.15373964092881204,0.089332169350347851,0.72886505086734465,0.028063138853495539
1,0.35214734199976222,0.5282210129996433,0.0,0.11963164500059459
2,0.24657777325906083,0.36986665988859124,0.33225440579746995,0.051301161054877989
1,0.36333012044884411,0.54499518067326613,0.0,0.091674698877889843
1,0.35321847846330562,0.5298277176949584,0.0,0.11695380384173602
3,0.11163539091134818,0.16745308636702227,0.64286286681194604,0.078048655909683448
1,0.43935512315299885,0.12053075414706142,0.38655853382041672,0.053555588879523067
2,0.22406748133420434,0.33610122200130649,0.38641996593777694,0.053411330726712107
3,0.1926996065438156,0.05998608720051684,0.70753327237915753,0.039781033876509837
3,0.11632169390309534,0.17448254085464301,0.56316667625856498,0.14602908898369668
1,0.87465897983913388,0.0,0.0,0.12534102016086615
2,0.13623934536656754,0.20435901804985127,0.58110993850089632,0.078291698082684866
3,0.078118936123729207,0.11717840418559382,0.76283407653036006,0.04186858316031692
2,0.3216923981885087,0.48253859728276294,0.096374954520404565,0.099394050008323798
1,0.35400242659742648,0.53100363989613963,0.0,0.11499393350643386
3,0.18373126335474271,0.028242414681965144,0.72827357390026193,0.059752748063030145
1,0.35223791729353926,0.52835687594030889,0.0,0.11940520676615184
3,0.045185635180007358,0.067778452770011044,0.76108027232334408,0.12595563972663745
2,0.13173171759359875,0.1975975763903981,0.567395300353707,0.10327540566229609
1,0.36041946775440387,0.54062920163160577,0.0,0.098951330613990418
3,0.20053129114393869,0.0254977693369485,0.71474762581027718,0.059223313708835608
2,0.46350349031680715,0.098024245177165875,0.39249377782798806,0.045978486678039089
1,0.36123907206007227,0.54185860809010833,0.0,0.096902319849819341
2,0.13600524505019487,0.20400786757529232,0.57469721688752495,0.085289670486987892
2,0.13461777180228002,0.20192665770342003,0.60241289825012012,0.061042672244179801
2,0.32917057916238263,0.49375586874357397,0.095090872317385805,0.081982679776657547
3,0.19962306929832546,0.023504936942362456,0.71857209355435736,0.058299900204954701
2,0.24582209630650392,0.3687331444597558,0.3392762653034439,0.046168493930296338
1,0.36418572206504746,0.18928710913413924,0.40153266067355647,0.044994508127256812
3,0.11419600236713767,0.17129400355070648,0.61424841590623391,0.10026157817592192
3,0.045749060954569952,0.068623591431854924,0.8056913792837942,0.079935968329780907
1,0.63372410581237193,0.079519841495359678,0.22099918890394143,0.065756863788327014
1,0.37385798975598566,0.25282454496161222,0.33371947334313912,0.039597991939263062
3,0.26191847268982632,0.016196071203770361,0.69502348524995627,0.026861970856447245
2,0.13006894509975167,0.19510341764962746,0.58223330296415865,0.092594334286462243
3,0.19256683049892098,0.025099947339562306,0.72992355866902514,0.052409663492491536
1,0.34914497831187424,0.52371746746781134,0.0,0.12713755422031445
2,0.45306364928917381,0.091281700363664703,0.39432475401307282,0.06132989633408862
1,0.35721941412464547,0.25280905026421707,0.33416983002363643,0.05580170558750109
1,0.35868637595156755,0.29199009968507589,0.30138285508847207,0.047940669274884357
1,0.35291576054647739,0.52937364081971605,0.0,0.11771059863380658
4,0.028774492759581011,0.043161739139371512,0.89188357245511884,0.036180195645928649
2,0.12641278485328011,0.18961917727992017,0.54995956691801884,0.13400847094878093
1,0.32547825339190006,0.48821738008785009,0.0,0.18630436652024984
2,0.53590274599096355,0.071169887465637793,0.32534989146208909,0.067577475081309582
1,0.36506362894217487,0.54759544341326227,0.0,0.08734092764456286
3,0.097797313727110674,0.14669597059066597,0.71151830198250132,0.043988413699721937
3,0.12189549048811081,0.18284323573216618,0.60804509724130107,0.087216176538421966
2,0.25274931737856449,0.3791239760678467,0.30545842386301225,0.062668282690576657
3,0.097078591234532927,0.14561788685179936,0.71135456346434223,0.045948958449325464
3,0.15688156633409422,0.03793683099123428,0.74603918580389295,0.059142416870778557
1,0.35115936385224217,0.22304425629375807,0.37108322789029108,0.054713151963708684
1,0.90945318634499506,0.0,0.0,0.090546813655004929
4,0.059484713944499501,0.012061542935367865,0.86255807457263378,0.065895668547498981
1,0.36532235316002126,0.54798352974003184,0.0,0.086694117099946857
1,0.37811332245535634,0.44625113739784178,0.13732891834249658,0.038306621804305233
2,0.11886642785667113,0.17829964178500665,0.58287825345039779,0.11995567690792437
1,0.40840376988182253,0.26234996513743269,0.29900776589895789,0.030238499081786756
2,0.5639578589397376,0.072378196868312969,0.32059690672411201,0.043067037467837251
3,0.088423610587560278,0.1326354158813404,0.71965441174145772,0.059286561789641465
1,0.36354420728966674,0.54531631093450006,0.0,0.091139481775833184
2,0.23156778175121442,0.34735167262682159,0.35854063855825596,0.062539907063707892
3,0.086042762129031003,0.1290641431935465,0.74778425022910167,0.037108844448320771
4,0.062524786211274219,0.012146920236896713,0.85789875286465012,0.067429540687178866
3,0.11855211426573176,0.17782817139859761,0.62755853487288726,0.076061179462783332
1,0.35020326918059025,0.52530490377088535,0.0,0.12449182704852446
3,0.11111693659300681,0.089224169719169411,0.7667606710330539,0.032898222654769979
2,0.47377058689909946,0.21210492977776818,0.28563281298135379,0.028491670341778564
1,0.35670408853904428,0.53505613280856634,0.0,0.10823977865238932
1,0.370067338256722,0.29054048602707333,0.29292574008373107,0.046466435632473775
4,0.060472639629547853,0.011521219306644648,0.86605115314975623,0.061954987914051338
1,0.9528575677069846,0.0,0.0,0.047142432293015402
1,0.35035373722406393,0.5255306058360959,0.0,0.1241156569398402
3,0.11391329433505253,0.0,0.77594704081407739,0.11013966485087008
1,0.87027725247817067,0.0,0.0,0.1297227475218293
3,0.11984962071564519,0.17977443107346777,0.59657765307725519,0.10379829513363184
3,0.09996190155372088,0.14994285233058127,0.70232350224336138,0.047771743872336618
3,0.18720475192255931,0.026073210454238618,0.73444403577267947,0.052278001850522622
2,0.33441691814798885,0.50162537722198319,0.070128345492846869,0.093829359137181143
2,0.33123570619404236,0.49685355929106345,0.07730487041942613,0.094605864095468117
3,0.083208484146413672,0.12481272621962047,0.73377524054051013,0.058203549093455875
2,0.127747393207923,0.19162108981188447,0.58015620225829134,0.10047531472190124
3,0.1549403118646604,0.089933348952905459,0.72607684485140278,0.029049494331031385
2,0.12475337015118654,0.18713005522677981,0.53646133667091966,0.15165523795111407
1,0.90828340156853782,0.0,0.0,0.091716598431462168
4,0.052558981423040316,0.036063769133074373,0.87335087997718375,0.038026369466701578
1,0.36386717976134242,0.25837367912190845,0.35103754375531648,0.026721597361432627
4,0.027116837777251324,0.040675256665876992,0.87797857970685256,0.054229325850019106
2,0.22021418838134793,0.33032128257202192,0.3940187161734347,0.055445812873195451
3,0.118492793984515,0.17773919097677249,0.59386211229278274,0.10990590274592978
2,0.12882212788627453,0.19323319182941176,0.58060930611357309,0.097335374170740618
2,0.13479025628217695,0.20218538442326539,0.57855220073386104,0.08447215856069662
4,0.05272998060368974,0.01607122128500613,0.90250309242297189,0.028695705688332421
4,0.087521400165486388,0.0056704094361619091,0.87271845911702828,0.034089731281323393
1,0.26815474920953108,0.40223212381429657,0.27136864395730242,0.05824448301886985
2,0.22162892569460718,0.33244338854191074,0.38757236208050244,0.058355323682979722
1,0.88159017493423975,0.0,0.0,0.11840982506576028
1,0.88201555058227432,0.0,0.0,0.11798444941772571
1,0.92317571902837881,0.0,0.0,0.076824280971621237
3,0.19798090401912319,0.025238697242201267,0.70876816772952289,0.068012231009152518
2,0.35906748123808713,0.22151009828264459,0.38394290828643562,0.035479512192832761
1,0.36666421094493573,0.2579653759224762,0.33362471772548002,0.041745695407108069
2,0.12750139651873077,0.19125209477809615,0.63745774809921563,0.043788760603957394
2,0.30407317285850499,0.45610975928775743,0.21119490891818524,0.028622158935552335
4,0.056321579127085158,0.013219769984104394,0.88255458230826356,0.047904068580546841
1,0.91698922134441518,0.0,0.0,0.083010778655584774
1,0.5690569878360503,0.21664429727742232,0.17569823653792865,0.038600478348598644
1,0.54557878791625791,0.10119114717601677,0.29267364920892064,0.060556415698804468
2,0.32694491866678194,0.49041737800017288,0.098710908717512119,0.083926794615533123
1,0.3630026376209694,0.54450395643145399,0.0,0.092493405947576629
1,0.37557364633355717,0.56336046950033569,0.0,0.061065884166107191
1,0.89075098976856015,0.0,0.0,0.10924901023143983
3,0.1724216182852312,0.038572139929122257,0.73424545210313241,0.054760789682514126
3,0.12357650428378444,0.0,0.80547689307232584,0.070946602643889703
2,0.29554674700785033,0.44332012051177544,0.1107452054016313,0.15038792707874293
4,0.064317765315967348,0.010969514584108105,0.87211249477172714,0.052600225328197546
2,0.33481427074883663,0.0,0.57207018336194182,0.09311554588922151
1,0.5507779687396851,0.10222948177577817,0.27899304359442695,0.067999505890109724
1,0.4075880494820277,0.13136099691049707,0.40169532470580177,0.059355628901673528
1,0.35306136600046306,0.52959204900069456,0.0,0.11734658499884246
2,0.12375960202136166,0.18563940303204246,0.55419277880941986,0.13640821613717607
1,0.93028206843308348,0.0,0.0,0.069717931566916566
1,0.88913870302094511,0.0,0.0,0.11086129697905488
1,0.46332584691951545,0.12032937097913816,0.34730302120399514,0.069041760897351284
4,0.047275210954705466,0.028343187793519464,0.89060300906431256,0.033778592187462556
2,0.31821954473638392,0.47732931710457588,0.1055103281728523,0.0989408099861879
3,0.16252748482872356,0.072617063511686106,0.72580565336913871,0.039049798290451521
1,0.93290088167871466,0.0,0.0,0.067099118321285317
1,0.25226194449625505,0.37839291674438252,0.31758567913593472,0.051759459623427553
4,0.032426917558382659,0.048640376337573975,0.86070605622199625,0.058226649882047184
1,0.8994851365823946,0.0,0.0,0.10051486341760536
1,0.35015102160791561,0.52522653241187334,0.0,0.12462244598021094
3,0.1119813607249102,0.16797204108736527,0.58978472567737872,0.13026187251034579
4,0.055792490356932574,0.013310210246553994,0.86985465110251348,0.061042648294000058
2,0.12964611896619108,0.19446917844928657,0.5793246661791841,0.096560036405338293
1,0.35521234090422621,0.53281851135633929,0.0,0.11196914773943456
4,0.059982879167477146,0.01339086764021059,0.87720322062622635,0.049423032566086017
2,0.4289589688624626,0.17343473089614891,0.35895788164050924,0.038648418600879406
2,0.29562794246836227,0.0,0.5778408418082388,0.12653121572339887
3,0.04243566575975697,0.063653498639635459,0.73206113698827247,0.16184969861233514
3,0.16163826062330705,0.078219998720440803,0.71675971583083731,0.043382024825414561
2,0.27110653272526652,0.40665979908789968,0.27424589334681593,0.047987774840017837
1,0.36405110987589034,0.54607666481383543,0.0,0.089872225310274167
2,0.13112606449463676,0.19668909674195514,0.5844908203944218,0.087694018368986229
