0.70024793757654391,0.17506198439413598,0.0,0.12469007802932019
0.59280552598365022,0.14820138149591255,0.22570616506493701,0.033286927455500159
0.73422958998016563,0.18355739749504141,0.0,0.08221301252479303
0.66585332198570224,0.094804292191802558,0.22425156253291209,0.015090823289583357
0.3892770443934977,0.35082295975861161,0.21148721832639986,0.048412777521490841
0.55802340262524242,0.37201560175016168,0.0,0.069960995624595887
0.54433556177870657,0.36289037451913775,0.0,0.092774063702155685
0.74864068152586394,0.13567809156872865,0.086657514164979188,0.029023712740428202
0.66866254671979874,0.16716563667994969,0.11486524249475535,0.049306574105496222
0.34244410917412421,0.51366616376118623,0.0,0.14388972706468955
0.75446580156600174,0.18861645039150043,0.0,0.056917748042497919
0.48799002710758183,0.17483407685480479,0.30682244674451103,0.030353449293102422
0.62826564290725717,0.15706641072681429,0.17765314118453635,0.037014805181392253
0.54568573280936183,0.36379048853957457,0.0,0.090523778651063605
0.70267827631818536,0.17566956907954634,0.080845663584665758,0.040806491017602552
0.53360018575360346,0.35573345716906901,0.0,0.11066635707732751
0.94347843361410311,0.0,0.0,0.056521566385896893
0.74549263169400559,0.1863731579235014,0.0,0.068134210382493079
0.72310711772853375,0.18077677943213344,0.0,0.096116102839332807
0.64901724795431537,0.16225431198857884,0.15830808870565818,0.030420351351447581
0.85490320328786173,0.0,0.11342132455774726,0.031675472154391031
0.68374525505216632,0.1924590192866559,0.11189711794724903,0.011898607713928517
0.36038048036865145,0.54057072055297706,0.0,0.099048799078371552
0.55293263973907769,0.24752482471570908,0.13671258769840952,0.062829947846803735
0.54940009284967772,0.36626672856645182,0.0,0.084333178583870461
0.53395895436792229,0.35597263624528158,0.0,0.11006840938679603
0.73029428030566068,0.18257357007641517,0.0,0.087132149617924259
0.88701527911037514,0.0,0.0,0.11298472088962484
0.94337368101513697,0.0,0.0,0.056626318984863033
0.74076125857662078,0.1851903146441552,0.0,0.074048426779224102
0.46290256768975352,0.19216556450940647,0.2932145039493525,0.051717363851487501
0.54241643583068055,0.36161095722045378,0.0,0.095972606948865669
0.75256930671228839,0.0157208895189411,0.21553443149469653,0.016175372274074059
0.34948042847022509,0.52422064270533753,0.0,0.12629892882443744
0.70748429892888043,0.17687107473222011,0.0,0.11564462633889948
0.36316879119296436,0.54475318678944651,0.0,0.092078022017589189
0.76229249814570332,0.071340406619835345,0.14082000304327763,0.025547092191183857
0.88809143353355102,0.0,0.0,0.11190856646644898
0.88202127428395483,0.0,0.0,0.11797872571604513
0.50805491541710002,0.33870327694473334,0.0,0.15324180763816664
0.53351880281929442,0.35567920187952967,0.0,0.1108019953011759
0.51970864825559526,0.34647243217039692,0.0,0.13381891957400788
0.5305479574330938,0.20436883249917864,0.22785013555977132,0.037233074507956453
0.54727592388043866,0.3648506159202925,0.0,0.087873460199268782
0.53687317623881969,0.35791545082587983,0.0,0.1052113729353005
0.76697522256416495,0.19174380564104124,0.0,0.0412809717947938
0.60721178596183378,0.15180294649045845,0.21927091318955391,0.021714354358153911
0.54234885591613269,0.3615659039440885,0.0,0.096085240139778774
0.7384317731162644,0.1846079432790661,0.0,0.076960283604669555
0.62747956365729318,0.11317271651396796,0.24441569275091535,0.01493202707782343
0.55324786014048188,0.2312590090898628,0.158772443633726,0.056720687135929558
0.52694362462344124,0.29573865724449666,0.14035575418504076,0.036961963947021274
0.70048482657749844,0.17512120664437461,0.079562712738287647,0.044831254039839182
0.62760702130434831,0.15690175532608708,0.18145320163677409,0.034038021732790566
0.86354005928180411,0.0,0.0,0.13645994071819589
0.68800526316995669,0.12540640327575556,0.15934297040992837,0.027245363144359481
0.55242792907933913,0.36828528605289279,0.0,0.079286784867768037
0.38604431859171162,0.21940108957410301,0.36595894355202424,0.028595648282161327
0.23609969253726237,0.35414953880589356,0.39216200111429877,0.017588767542545149
0.81291794979783727,0.0,0.16307568533662919,0.024006364865533539
0.52201095814924448,0.34800730543282971,0.0,0.12998173641792574
0.66513607435892308,0.16628401858973077,0.12304793338301269,0.045531973668333531
0.67947889125997829,0.16986972281499457,0.0,0.15065138592502711
0.50536973419336984,0.26773571394448686,0.18694078785771279,0.039953764004430403
0.68693117737739517,0.18935418589914613,0.11148569064122409,0.01222894608223452
0.90866780439095463,0.0,0.0,0.091332195609045375
0.3809092154617898,0.57136382319268464,0.0,0.047726961345525613
0.73637376977018898,0.18409344244254724,0.0,0.07953278778726379
0.53274243946516631,0.35516162631011089,0.0,0.11209593422472282
0.52324791986581076,0.34883194657720717,0.0,0.12792013355698206
0.3200529418707046,0.48007941280605676,0.15962081052608162,0.040246834797156829
0.66340356910862674,0.16585089227715669,0.12582195839150417,0.044923580222712291
0.82429273566401873,0.064321255437749955,0.082558924343881457,0.028827084554350027
0.52874219788480681,0.35249479858987121,0.0,0.11876300352532201
0.26381451517629451,0.3957217727644417,0.28798112668046899,0.052482585378794779
0.70829530627662773,0.17707382656915693,0.0,0.11463086715421533
0.63303888705856737,0.15825972176464184,0.1583037391320708,0.050397652044719882
0.54307250014117237,0.3620483334274483,0.0,0.094879166431379225
0.40652917678515954,0.22584147939207302,0.33932911334903815,0.028300230473729406
0.65424220091990126,0.16356055022997532,0.12074680548910029,0.061450443361023031
0.70862918560912735,0.17715729640228184,0.0,0.1142135179885909
0.3591751608469424,0.53876274127041357,0.0,0.10206209788264403
0.26707023796395424,0.40060535694593136,0.31242172888599112,0.01990267620412315
0.69754518024782064,0.17438629506195516,0.0,0.12806852469022428
0.75696210607392334,0.18924052651848083,0.0,0.053797367407595879
0.57069665582445894,0.12733632909978351,0.29515819255352244,0.0068088225222351388
0.40045802328285318,0.46754114808937669,0.12045569255505821,0.011545136072711949
0.78890051782054249,0.072872194923920747,0.1298635490966456,0.0083637381588910036
0.5964827825780763,0.16070016665523568,0.23695819302197554,0.0058588577447122635
0.63080147248101703,0.15770036812025426,0.16586434263462022,0.045633816764108472
0.51927523304838563,0.34618348869892379,0.0,0.1345412782526906
0.46092398780254112,0.23611845683483521,0.2802254297507667,0.022732125611856838
0.35300202368501399,0.52950303552752098,0.0,0.11749494078746497
0.80243661044793657,0.0,0.12945728272696194,0.068106106825101459
0.88057197669268861,0.0,0.069631604070318737,0.049796419236992774
0.52545290478785323,0.13136322619696331,0.31731695503897228,0.025866913976211284
0.40739710288165826,0.27159806858777213,0.28207691171372806,0.038927916816841462
0.61883352528470581,0.22826415600139527,0.10791862628748074,0.044983692426418212
0.55038302988282684,0.36692201992188456,0.0,0.082694950195288594
0.23887365681556169,0.3075684983517562,0.44582109814494114,0.00773674668774086
0.75600296336231132,0.18900074084057783,0.0,0.05499629579711094
0.52648823630488417,0.35099215753658952,0.0,0.12251960615852626
0.7188211069980821,0.17970527674952053,0.0,0.10147361625239737
0.52038451916575879,0.34692301277717258,0.0,0.13269246805706861
0.18110320449496856,0.27165480674245285,0.51152429341153871,0.035717695351039871
0.76812621726782282,0.11575974894643154,0.11352873514373447,0.0025852986420111172
0.60154719232550646,0.06976810606309751,0.2993833018410566,0.029301399770339548
0.72018676502011036,0.18004669125502759,0.0,0.099766543724861989
0.51598623336428007,0.34399082224285343,0.0,0.14002294439286639
0.48644787822904711,0.14537263058374705,0.34562924468643896,0.022550246500766834
0.41340350201635528,0.11250407410155192,0.46378953288225871,0.010302890999833921
0.45298443763006602,0.25670833507266044,0.2289687664668448,0.061338460830428723
0.65582308515058663,0.16395577128764666,0.0,0.18022114356176677
0.35510778460354619,0.53266167690531918,0.0,0.11223053849113462
0.70053502633272657,0.17513375658318164,0.0,0.12433121708409177
0.53696362654620233,0.35797575103080159,0.0,0.10506062242299606
0.73592597607624621,0.18398149401906155,0.0,0.080092529904692289
0.35308999821579001,0.52963499732368491,0.0,0.11727500446052508
0.67827935808235951,0.16956983952058988,0.0,0.15215080239705073
0.41078478801072321,0.14673744208394562,0.42443271285775724,0.018045057047573757
0.53075093055297295,0.13268773263824324,0.29302989448355116,0.043531442325232789
0.48041703251002121,0.16608952509744263,0.32283133436009853,0.030662108032437844
0.67117859917403178,0.16779464979350794,0.096614414524791303,0.064412336507668824
0.63466354860003338,0.15078333671085259,0.17614453542717551,0.038408579261938393
0.36875203633553033,0.1858704412244844,0.42992055025306247,0.015456972186922841
0.51865678839003848,0.34577119226002573,0.0,0.13557201934993576
0.50578262963114473,0.24680589173790413,0.19679413966820539,0.050617338962745631
0.72514105165211529,0.068326105271375712,0.1678723454781689,0.038660497598340553
0.67067367759087892,0.034239930962328823,0.26964471819106839,0.025441673255724002
0.65577017569248364,0.11167098851735821,0.19207558711443148,0.0404832486757268
0.66783073954051364,0.20076402151006484,0.10926107768800865,0.022144161261412915
0.58353917763351115,0.082071834444325878,0.29098249311920471,0.04340649480295819
0.42644214157130145,0.28429476104753432,0.22162203852870266,0.067641058852461675
0.710108751409952,0.177527187852488,0.0,0.11236406073756
0.35760001799628466,0.5364000269944269,0.0,0.10599995500928837
0.62562319256449028,0.15640579814112257,0.15289320022390987,0.065077809070477291
0.51266102000073166,0.34177401333382118,0.0,0.14556496666544713
0.68881628848960652,0.17220407212240163,0.10328767490748746,0.035691964480504546
0.75048846057615237,0.18762211514403809,0.0,0.061889424279809549
0.36230875487169212,0.54346313230753818,0.0,0.094228112820769691
0.73489053729892895,0.18372263432473224,0.0,0.081386828376338885
0.35288323653607151,0.52932485480410718,0.0,0.11779190865982124
0.37553265016256143,0.56329897524384209,0.0,0.061168374593596454
0.8815008134182446,0.0,0.065096403738264128,0.053402782843491349
0.5609872327997576,0.37399148853317177,0.0,0.065021278667070623
0.51750121399064175,0.34500080932709454,0.0,0.13749797668226371
0.72633081482805217,0.18158270370701304,0.0,0.092086481464934769
0.53916738869866676,0.35944492579911125,0.0,0.10138768550222198
0.38487376216342856,0.21210791571847182,0.38208925954841488,0.020929062569684888
0.73273728331906807,0.12083926418501587,0.10456047792507336,0.041862974570842856
0.46887288324335313,0.11387133601670835,0.39767467678228491,0.019581103957653643
0.83427287442300946,0.0,0.0,0.16572712557699049
0.34512491349308777,0.51768737023963163,0.0,0.13718771626728068
0.82922412977443249,0.0,0.12381432235627941,0.046961547869288099
0.59188072837574979,0.14797018209393745,0.22621937643240136,0.033929713097911741
0.75940733624090417,0.18985183406022604,0.0,0.050740829698869866
0.67288252303617579,0.0,0.29580530946265127,0.031312167501172834
0.36789492573274751,0.55184238859912127,0.0,0.08026268566813119
0.75977045935965692,0.18994261483991423,0.0,0.050286925800428928
0.6971032599273792,0.1742758149818448,0.0,0.12862092509077605
0.72703703202570513,0.18175925800642628,0.0,0.091203709967868599
0.32621740027790103,0.34860399551487031,0.28814473256968726,0.037033871637541328
0.41610703313126457,0.2157473246896203,0.31819119716880118,0.049954445010313882
0.52620376701879423,0.35080251134586282,0.0,0.12299372163534293
0.73531539602588469,0.11584307183464998,0.096998754661667033,0.05184277747779846
0.66433879774334992,0.16608469943583748,0.10701555336610853,0.062560949454703918
0.52396577509773812,0.34931051673182545,0.0,0.12672370817043643
0.48388649681904689,0.24697714075572599,0.19933422310456883,0.069802139320658318
0.73622805009594416,0.18405701252398604,0.0,0.07971493738006985
0.35693496852400952,0.53540245278601417,0.0,0.10766257868997636
0.55279143495295202,0.36852762330196803,0.0,0.078680941745080057
0.28578853659102527,0.4286828048865377,0.26968529291025484,0.01584336561218214
0.56740673567460875,0.26769351126021185,0.11483088526746951,0.050068867797709846
0.52758457371295142,0.35172304914196761,0.0,0.12069237714508102
0.80143391440877987,0.069914405059988707,0.11668916577066706,0.011962514760564671
0.35602071825299664,0.53403107737949496,0.0,0.10994820436750839
0.90126885199791795,0.0,0.0,0.098731148002081992
0.64262428472919308,0.11013811782515345,0.21884314556217072,0.028394451883482788
0.61963189929097828,0.17287013537883425,0.20486998553746369,0.0026279797927240916
0.72438923598122007,0.18109730899530502,0.07008764532792143,0.024425809695553531
0.53545092699648411,0.35696728466432281,0.0,0.10758178833919307
0.45688618311314788,0.30459078874209855,0.19626188486735166,0.042261143277402109
0.36225961409269902,0.54338942113904853,0.0,0.094350964768252443
0.63199743390741336,0.2741538601659565,0.060048103579892674,0.033800602346737416
0.5665130933332071,0.1241931455559824,0.30232804733445451,0.0069657137763561149
0.55901910947659006,0.37267940631772678,0.0,0.068301484205683202
0.56239728918973309,0.37493152612648872,0.0,0.062671184683778136
0.36006799372281417,0.54010199058422115,0.0,0.09983001569296468
0.53534146652548253,0.35689431101698837,0.0,0.10776422245752913
0.58403091752422243,0.14867541150539851,0.24514149716168432,0.022152173808694817
0.89257392715897554,0.0,0.061996600575353784,0.045429472265670609
0.91055059683675799,0.0,0.0,0.089449403163242069
0.71905756712357449,0.062583210203099079,0.18294248307818478,0.035416739595141689
0.55644822535869709,0.22644227265868436,0.20434433590607026,0.012765166076548474
0.62196342940967608,0.10133210472958044,0.25505952942371402,0.021644936437029322
0.45885264998354802,0.17797905829711275,0.33162391095819471,0.031544380761144443
0.67030447302335072,0.1133553585747194,0.18277431346396106,0.033565854937968868
0.5373149571565311,0.35820997143768746,0.0,0.10447507140578144
0.92299866923345875,0.0,0.0,0.077001330766541254
0.71552862072885892,0.17888215518221473,0.0,0.10558922408892631
0.37002731222876895,0.55504096834315331,0.0,0.074931719428077775
0.36060915937020033,0.54091373905530049,0.0,0.098477101574499154
0.46618718476701421,0.21406842975898788,0.29858236843739833,0.021162017036599454
0.72690166519304777,0.18172541629826194,0.0,0.091372918508690351
0.71829853118116516,0.17957463279529129,0.0,0.10212683602354354
0.35693152998158761,0.53539729497238131,0.0,0.10767117504603103
0.79882502783080478,0.11466394370702876,0.065493461472067277,0.021017566990099112
0.51722604827597385,0.28196836042549561,0.15378522560497282,0.047020365693557761
0.52517279802672434,0.35011519868448293,0.0,0.12471200328879271
0.54555790182834862,0.36370526788556579,0.0,0.09073683028608559
0.7220363926607325,0.18050909816518312,0.0,0.097454509174084492
0.769971260110347,0.07670760322398408,0.14031684327265295,0.013004293393015795
0.53842500925100567,0.35895000616733713,0.0,0.10262498458165724
0.65751524591305044,0.16437881147826261,0.12466516572490095,0.053440776883786151
0.53663564533436525,0.35775709688957691,0.0,0.10560725777605787
0.66455555118850851,0.036899329297557425,0.26976172113928287,0.028783398374651159
0.64028786038218155,0.16007196509554539,0.15244685866884025,0.047193315853432581
0.55755435124529162,0.37170290083019447,0.0,0.070742747924513891
0.52250067891111462,0.34833378594074316,0.0,0.12916553514814222
0.54274938399641093,0.36183292266427397,0.0,0.095417693339315102
0.49165596327906791,0.24522763567649766,0.20788027629976202,0.055236124744672439
0.32588088904080487,0.42700748581273873,0.23893597423320279,0.0081756509132534603
0.34774439826423198,0.52161659739634791,0.0,0.13063900433942016
0.3466571350540632,0.51998570258109478,0.0,0.13335716236484207
0.60375649539464615,0.16168495160386662,0.22559548011842187,0.0089630728830654843
0.60922698598927982,0.15230674649731996,0.18505156132393855,0.053414706189461779
0.73472412097033979,0.18368103024258495,0.0,0.081594848787075347
0.5180407880009481,0.34536052533396544,0.0,0.13659868666508643
0.34929688643731449,0.52394532965597174,0.0,0.12675778390671377
0.73486310790034359,0.021708689679121825,0.21633036772638423,0.027097834694150127
0.77353668990197366,0.19338417247549342,0.0,0.033079137622533054
0.74762711818694727,0.18690677954673682,0.0,0.065466102266316037
0.52899031856816958,0.35266021237877976,0.0,0.11834946905305069
0.63747979188038506,0.10001536242091288,0.24433011861077902,0.018174727087923011
0.51059916641689684,0.17952697750426644,0.28401120709607464,0.02586264898276221
0.52390453658285008,0.34926969105523342,0.0,0.12682577236191647
0.70604741812388461,0.17651185453097115,0.0,0.11744072734514438
0.72362719593506719,0.077945834695853589,0.18294866426282225,0.015478305106257107
0.53820119097795371,0.18337843159716413,0.24486936635364473,0.03355101107123732
0.47360815565648878,0.27766277340435846,0.22665964635036234,0.022069424588790552
0.37160779805414973,0.55741169708122451,0.0,0.070980504864625704
0.56853279388388389,0.16989983541905238,0.24248655958472956,0.019080811112333937
0.68579473276396841,0.1714486831909921,0.0,0.14275658404503958
0.78510153761100809,0.10851390826154775,0.088714597062375347,0.017669957065068624
0.55081972301751136,0.36721314867834093,0.0,0.081967128304147749
0.52833849379789621,0.35222566253193088,0.0,0.11943584367017289
0.54282090836625374,0.36188060557750251,0.0,0.095298486056243803
0.55056680758370602,0.36704453838913742,0.0,0.082388654027156547
0.51280154539433986,0.29006152912542804,0.13769123687703841,0.059445688603193728
0.51809584665938424,0.3453972311062562,0.0,0.13650692223435962
0.36261529253581953,0.54392293880372922,0.0,0.093461768660451194
0.67545214027817968,0.16886303506954492,0.10425608727217159,0.051428737380103888
0.64307413860638551,0.16076853465159638,0.13444674650370034,0.061710580238317755
0.49142173182647453,0.13576187195029282,0.35417478057971191,0.018641615643520709
0.35387729167909687,0.53081593751864531,0.0,0.1153067708022578
0.36692997212878453,0.55039495819317674,0.0,0.082675069678038671
0.69426417068978852,0.17356604267244713,0.0,0.13216978663776446
0.71943850190546654,0.17985962547636664,0.0,0.10070187261816683
0.64503665500781271,0.11357108406507797,0.22549382392587927,0.015898437001230194
0.53502690175532353,0.35668460117021572,0.0,0.10828849707446074
0.80856686234729558,0.099603551548841845,0.054537367384193604,0.037292218719668854
0.72114412297101183,0.18028603074275296,0.0,0.098569846286235219
0.54903630065971343,0.36602420043980899,0.0,0.084939498900477556
0.71487424874321714,0.17871856218580429,0.0,0.10640718907097868
0.54188346697799084,0.36125564465199389,0.0,0.096860888370015261
0.55044191407530907,0.36696127605020606,0.0,0.082596809874484978
0.6010960682897275,0.12508965667491465,0.24143056182982736,0.032383713205530552
0.54343979034466261,0.36229319356310841,0.0,0.094267016092228983
0.73231163606482641,0.10366976391978505,0.13161291853785398,0.032405681477534316
0.47908761049413834,0.20250852183110124,0.28339504776807062,0.035008819906689755
0.31719004678428658,0.47578507017642979,0.14908583363092678,0.057939049408356869
0.60767681157735354,0.057162604791126718,0.3091826080618808,0.025977975569638868
0.49517702606350783,0.23575599094331676,0.21374729355130589,0.055319689441869484
0.53896694367826459,0.35931129578550974,0.0,0.10172176053622572
0.72003298933862525,0.18000824733465631,0.0,0.099958763326718492
0.83894914201965309,0.073964123851057856,0.077306027204669822,0.0097807069246191522
0.54906381809050098,0.36604254539366737,0.0,0.084893636515831594
0.60564215991412895,0.15141053997853224,0.18513611878296779,0.057811181324371116
0.67823854888316404,0.16955963722079101,0.0,0.15220181389604506
0.66502089294220135,0.16625522323555034,0.13143141192739261,0.037292471894855676
0.41470259034995388,0.16155874488458929,0.41579369388973419,0.0079449708757227573
0.52274510978814892,0.18330900767016434,0.21997035472082177,0.073975527820864917
0.59434175147269819,0.081587003985715043,0.30785309931769739,0.016218145223889244
0.36541254982802301,0.54811882474203444,0.0,0.086468625429942436
0.52698273871221402,0.35132182580814275,0.0,0.12169543547964319
0.56615787405541762,0.2743054547758409,0.10259660503751626,0.056940066131225188
0.42568930180776365,0.11359227178607725,0.43638527995878806,0.02433314644737113
0.68845854421094899,0.17211463605273725,0.0,0.13942681973631382
0.48527295046704111,0.23782832971563603,0.22613964471722439,0.050759075100098472
0.60355005021830843,0.15088751255457711,0.21063544848987023,0.034926988737244327
0.5208689490305578,0.34724596602037189,0.0,0.13188508494907036
0.53590312413234797,0.35726874942156539,0.0,0.10682812644608669
0.65016732553481249,0.16254183138370312,0.14220858851715829,0.045082254564326095
0.50545967125713964,0.23006524111532844,0.23647505004960395,0.028000037577928273
0.36767943138202752,0.55151914707304117,0.0,0.080801421544931251
0.74659064591539048,0.18664766147884762,0.0,0.06676169260576191
0.79264932598362536,0.0642669732587237,0.13099430197931664,0.012089398778334103
0.56643097100243744,0.37762064733495837,0.0,0.055948381662604185
0.81981720785051393,0.019829248813866062,0.14886700380330994,0.011486539532310084
0.34393432806520124,0.51590149209780178,0.0,0.14016417983699689
0.69110437238422218,0.12847629569739316,0.14973227124469454,0.030687060673690061
0.70860709253674736,0.17715177313418684,0.0,0.11424113432906587
0.74565011288213034,0.18641252822053259,0.0,0.067937358897337125
0.60806300033070781,0.15201575008267695,0.20542207135506549,0.034499178231549965
0.54196338201590899,0.25852896662268537,0.13332153606678721,0.066186115294618528
0.36480807865575687,0.54721211798363523,0.0,0.087979803360607844
0.6279568971429017,0.15698922428572543,0.16187034554002991,0.053183533031343072
0.60979519252132908,0.28606068458617101,0.046378377565595076,0.057765745326904955
0.54568895093479841,0.36379263395653233,0.0,0.090518415108669162
0.53760072916791724,0.21270102740760621,0.22173551905692671,0.027962724367549891
0.54372802908252582,0.36248535272168392,0.0,0.093786618195790303
0.52168894937351529,0.34779263291567686,0.0,0.13051841771080785
0.54275444717886456,0.36183629811924312,0.0,0.095409254701892376
0.53679953044370321,0.35786635362913549,0.0,0.10533411592716135
0.61896676012810103,0.15474169003202526,0.14240411224075625,0.083887437599117307
0.75185212086596331,0.18796303021649083,0.0,0.060184848917545899
0.56305546020620123,0.23378535364836081,0.15807226126453508,0.045086924880902851
0.56841131345817952,0.37894087563878637,0.0,0.05264781090303422
0.91330711137297171,0.0,0.054840824941129476,0.031852063685898678
0.77621747916981343,0.0,0.18450413351026779,0.039278387319918819
0.54622543668266654,0.36415029112177771,0.0,0.089624272195555826
0.67347602816133645,0.16836900704033411,0.10470879725106595,0.053446167547263577
0.68721431295879631,0.075749201496837421,0.21632317481642976,0.020713310727936734
0.74291568959584786,0.10387663034415591,0.11890152744068011,0.034306152619316022
0.68509516074087418,0.12424721287857982,0.15698471204561265,0.033672914334933413
0.54824609006231351,0.25563116384043305,0.1167738703328481,0.079348875764405385
0.34989525219118234,0.19305882887583628,0.42936456567324915,0.027681353259732127
0.44294766665969121,0.2026226617694622,0.32438908292664154,0.030040588644205116
0.68725791007235282,0.0,0.27342829178486799,0.039313798142779216
0.9034207351097131,0.0,0.0,0.096579264890286884
0.50360078325816016,0.25648371829081101,0.18299271627100228,0.056922782180026589
0.55679078548630401,0.37119385699086938,0.0,0.072015357522826659
0.46313760210657917,0.15393801518607661,0.37453512401440781,0.0083892586929362259
0.51160860958106136,0.1889548234039376,0.2835241428389409,0.015912424176060258
0.60916461669327193,0.075925029117940981,0.26035312537734606,0.05455722881144108
0.55022140418404109,0.36681426945602741,0.0,0.082964326359931562
0.51851857584654926,0.14705497412584384,0.30703024486627589,0.027396205161330834
0.35883906458404013,0.53825859687606015,0.0,0.10290233853989972
0.52881399454904188,0.3525426630326946,0.0,0.1186433424182636
0.69304010369699187,0.020920203064577311,0.27230736637502451,0.013732326863406258
0.53941880877428294,0.042923197088437004,0.37299589263562871,0.044662101501651237
0.72079910424273452,0.18019977606068363,0.067201740496287951,0.031799379200293659
0.51183926252043377,0.34122617501362257,0.10773707730265439,0.039197485163289365
0.44416990358601371,0.29611326905734253,0.20968002595617666,0.050036801400467172
0.53736652330223389,0.35824434886815593,0.0,0.10438912782961018
0.3961629077913903,0.34294971463294122,0.21460377524444055,0.046283602331228108
0.76331439981762705,0.19082859995440676,0.0,0.045857000227966273
0.71483090270720417,0.17870772567680104,0.0,0.10646137161599492
0.55362588491529852,0.36908392327686573,0.0,0.07729019180783564
0.72925167269295843,0.18231291817323961,0.0,0.088435409133801948
0.60788595159360381,0.10911060504049064,0.27249675711635646,0.010506686249549185
0.40027073751569919,0.26684715834379952,0.28011321819437063,0.052768885946130682
0.59241957411694945,0.14810489352923736,0.2308462800972369,0.0286292522565764
0.9022973460535415,0.0,0.0,0.09770265394645844
0.36021751430792409,0.54032627146188605,0.0,0.099456214230189743
0.57976419756121711,0.20376792447854178,0.19142801689139996,0.025039861068841197
0.54805897346902033,0.3653726489793469,0.0,0.086568377551632866
0.53545082080472683,0.35696721386981789,0.0,0.1075819653254553
0.53477025034824588,0.35651350023216394,0.0,0.10871624941959024
0.434294239258253,0.28952949283883539,0.20889590513583206,0.067280362767079535
0.27421164759936278,0.41131747139904407,0.25557194858524629,0.058898932416346833
0.54896342196542391,0.21513206471177199,0.20238636765928816,0.033518145663515964
0.28597999466646845,0.23024914268802882,0.45822784156000612,0.025543021085496592
0.55480978364746225,0.36987318909830819,0.0,0.075317027254229577
0.36373986969854571,0.54560980454781849,0.0,0.090650325753635796
0.73927506879707761,0.13498212837892248,0.10273139004257614,0.023011412781423615
0.41283281904943919,0.17043061970597342,0.39687255072964511,0.019864010514942316
0.27154117042420051,0.36777604054384955,0.33620167366759363,0.024481115364356373
0.34123932820129554,0.2937051609260426,0.32321309195996928,0.041842418912692511
0.8826216353998928,0.0,0.0,0.11737836460010723
0.52664568599339701,0.35109712399559806,0.0,0.12225719001100491
0.62071746054385168,0.065697332931659816,0.27032948222711722,0.043255724297371123
0.71719825541768945,0.17929956385442236,0.0,0.10350218072788825
0.92561702556539271,0.0,0.05518746279346335,0.019195511641143949
0.71142304487211627,0.17785576121802907,0.05689028864197735,0.053830905267877496
0.55726542757009834,0.37151028504673222,0.0,0.071224287383169479
0.55515278133328605,0.37010185422219077,0.0,0.074745364444523163
0.56198992424333472,0.10607189079428522,0.31585844016957948,0.01607974479280044
0.3558569207497646,0.53378538112464691,0.0,0.11035769812558845
0.52343402537269657,0.34895601691513112,0.0,0.12760995771217232
0.34712323561141711,0.29283982385035767,0.32878265587808042,0.031254284660144994
0.55253584113789589,0.368357227425264,0.0,0.079106931436840111
0.50949006626067228,0.33966004417378154,0.0,0.15084988956554624
0.38730715218205725,0.1953136792708173,0.40091491823983261,0.016464250307292864
0.64409642800016265,0.16102410700004066,0.15130728584158107,0.04357217915821579
0.41823553802485602,0.13499827666048042,0.436843303736343,0.0099228815783207035
0.71892922296814632,0.17973230574203658,0.0,0.10133847128981704
0.35524413850130188,0.53286620775195281,0.0,0.11188965374674531
0.77785156391692756,0.11350299595759877,0.091969341721139033,0.0166760984043344
0.7324339393289141,0.18310848483222852,0.0,0.08445757583885749
0.5363923242586226,0.11339190341976242,0.3296325791038478,0.020583193217767234
0.37413302761251693,0.56119954141877537,0.0,0.064667430968707709
0.4166708896198224,0.21089615897020325,0.36009814520317557,0.0123348062067984
0.64574640319092091,0.16143660079773023,0.13130233925376525,0.061514656757583608
0.71556760071585246,0.17889190017896311,0.0,0.10554049910518443
0.51968412597754854,0.34645608398503236,0.0,0.1338597900374191
0.67792509866970474,0.15495000925770905,0.11015615444638263,0.056968737626203692
0.70689938751218695,0.17672484687804674,0.0,0.11637576560976633
0.77293470783980589,0.071213641704971964,0.12523039778112696,0.030621252674095205
0.69169692888403556,0.072612646266998579,0.21559394119935377,0.020096483649612213
0.73365422059763086,0.18341355514940771,0.0,0.082932224252961401
0.45435250483193734,0.12236374374048553,0.40753335156611958,0.015750399861457678
0.69414285079766957,0.02365858396344489,0.27052275583946939,0.011675809399415931
0.96043171183252951,0.0,0.0,0.039568288167470447
0.49035349487309932,0.32690232991539964,0.12604602349118302,0.056698151720318113
0.3686112194554067,0.55291682918311003,0.0,0.078471951361483328
0.51114927063941729,0.34076618042627821,0.0,0.14808454893430456
0.36931631510107643,0.55397447265161459,0.0,0.076709212247308922
0.54204873530375508,0.36136582353583679,0.0,0.096585441160408153
0.36134959537757699,0.54202439306636541,0.0,0.096626011556057545
0.73052017723392948,0.18263004430848237,0.0,0.086849778457588206
0.74296503796121027,0.18574125949030257,0.0,0.071293702548487256
0.70717227262520543,0.17679306815630136,0.0,0.11603465921849319
0.54339976953704572,0.3622665130246972,0.0,0.094333717438256984
0.73183017903552883,0.18295754475888221,0.0,0.085212276205589035
0.45728969785032891,0.22072723776035016,0.29290808894548603,0.029074975443835031
0.55924059380564184,0.37282706253709463,0.0,0.067932343657263555
0.72134640341842371,0.18033660085460593,0.0,0.098316995726970391
0.49963225083089435,0.25722967579846845,0.19625903502978007,0.046879038340857167
0.52890602339737469,0.35260401559824983,0.0,0.11848996100437548
0.64859997820544302,0.16214999455136075,0.148670314225718,0.040579713017478244
0.36674610859057499,0.19326287926351346,0.40332979076498587,0.03666122138092584
0.44911563831073575,0.29941042554049052,0.22409342579403116,0.0273805103547426
0.89791739397691461,0.0,0.0,0.10208260602308541
0.51850642374837752,0.12962660593709438,0.33140147424265154,0.020465496071876307
0.52548612028386688,0.35032408018924466,0.0,0.12418979952688843
0.52108272861524563,0.34738848574349712,0.0,0.13152878564125725
0.6381607501639861,0.097695292363661645,0.22230275160328675,0.041841205869065499
0.91388862235047474,0.0,0.0,0.0861113776495252
0.55604366562286345,0.37069577708190898,0.0,0.07326055729522761
0.64028903352734157,0.091398451252241039,0.25862926815424275,0.00968324706617457
0.36430198927550578,0.54645298391325858,0.0,0.089245026811235542
0.4145460874954926,0.27927461904062389,0.2626914699930174,0.043487823470866195
0.71101870909270459,0.17775467727317615,0.0,0.11122661363411933
0.9186156603068012,0.0,0.0,0.081384339693198832
0.55420414817956531,0.36946943211971028,0.0,0.076326419700724443
0.70858696466837312,0.092621378848727051,0.14213287676766467,0.056658779715235294
0.7203254150424736,0.1800813537606184,0.0,0.09959323119690805
0.51049539855700898,0.34033026570467267,0.0,0.14917433573831843
0.93983934084004128,0.0,0.0,0.060160659159958697
0.2870787013355155,0.43061805200327324,0.239738776423807,0.042564470237404159
0.66552431121862021,0.11339814583156466,0.1711582062875277,0.04991933666228731
0.87431253932845421,0.0,0.096111844201141841,0.029575616470403888
0.52908551313153607,0.35272367542102412,0.0,0.11819081144743984
0.44173490252572206,0.19316621054824265,0.34010684067123526,0.0249920462547998
0.71663726428625074,0.17915931607156269,0.0,0.10420341964218666
0.5380153802381985,0.35867692015879904,0.0,0.10330769960300248
0.69486756293090168,0.17371689073272542,0.0,0.13141554633637295
0.72120959678688557,0.18030239919672139,0.0,0.098488004016393182
0.55528470140366126,0.37018980093577419,0.0,0.074525497660564599
0.7112652441761157,0.17781631104402892,0.0,0.11091844477985549
0.34572068458688249,0.5185810268803237,0.0,0.13569828853279384
0.72260465453111433,0.068226206864122438,0.16256355897519112,0.04660557962957209
0.63076300304413091,0.1219017077513717,0.22503782452964946,0.022297464674847889
0.71017686883127973,0.17754421720781993,0.0,0.11227891396090034
0.55441663896844529,0.36961109264563019,0.0,0.075972268385924496
0.51986793431006306,0.34657862287337543,0.0,0.13355344281656151
0.79126488486669178,0.10611830868864236,0.096401608018177098,0.0062151984264891746
0.70880540895998378,0.17720135223999595,0.0,0.11399323880002028
0.4551103634310168,0.17466107284739765,0.32123900990746129,0.048989553814124141
0.52900730930888407,0.35267153953925612,0.0,0.11832115115185976
0.53555088248056393,0.35703392165370929,0.0,0.10741519586572679
0.53507974895108812,0.35671983263405876,0.0,0.10820041841485313
0.69196059955099631,0.17299014988774908,0.0,0.13504925056125469
0.72019662375866644,0.18004915593966661,0.048028392627761443,0.051725827673905662
0.45648198034201365,0.10631228114328362,0.42007117985449666,0.01713455866020613
0.69510185775259803,0.17377546443814951,0.0,0.1311226778092526
0.64862622889852439,0.26551559234676397,0.041461694766989812,0.044396483987721856
0.48515927434315559,0.19766057802967418,0.28482808328318765,0.032352064343982467
0.4863971857959451,0.2029387878450756,0.2641226337266917,0.046541392632287626
0.38563912582047782,0.57845868873071671,0.0,0.035902185448805544
0.55780554563479778,0.37187036375653187,0.0,0.070324090608670439
0.72505175045644821,0.074915278723620846,0.15413301425456308,0.045899956565367911
0.52063361738051117,0.34708907825367413,0.0,0.13227730436581472
0.84743560751194524,0.0,0.089958251205558074,0.062606141282496613
0.70557706867761283,0.17639426716940321,0.0,0.11802866415298399
0.81587117961339184,0.075252426278171455,0.085787225336830211,0.023089168771606831
0.82691802760961086,0.0,0.0,0.17308197239038914
0.69615257751659676,0.17403814437914919,0.0,0.12980927810425416
0.70168069046247605,0.087211265816165479,0.16122414787540806,0.049883895845950356
0.67944926075352852,0.21368797862677918,0.092196240155598172,0.014666520464094066
0.57115462770532199,0.12883891967130037,0.28369515701932529,0.016311295604052079
0.92009790756097076,0.0,0.0,0.079902092439029238
0.72311257270756468,0.15746192184597194,0.10204354372300514,0.017381961723458249
0.55107651409276592,0.36738434272851067,0.0,0.081539143178723336
0.40704702791215286,0.17264872042858706,0.39328018981423335,0.027024061845026846
0.2850006873871847,0.42750103108077697,0.26493121298317363,0.0225670685488648
0.48623402726466991,0.32415601817644663,0.15759596492919525,0.032013989629688273
0.49128724249252648,0.25024086535618939,0.20531268431452279,0.053159207836761341
0.7324101426567271,0.18310253566418178,0.0,0.084487321679091273
0.5942462967102512,0.1387279998626931,0.25958356083956657,0.0074421425874891941
0.74002216105880103,0.18500554026470026,0.026840528493121674,0.048131770183377144
0.70136356477917217,0.17534089119479304,0.0,0.12329554402603481
0.7365839837990753,0.18414599594976883,0.0,0.079270020251155884
0.36408800244517914,0.5461320036677686,0.0,0.089779993887052212
0.54966289321922224,0.36644192881281484,0.0,0.083895177967963003
0.431164855828016,0.28744323721867732,0.20898407476594938,0.072407832187357468
0.866270161969383,0.025930214037059224,0.097135301068362517,0.01066432292519527
0.48811658730207341,0.237395003968947,0.26060710612893301,0.01388130260004662
0.52012605320572591,0.34675070213715065,0.0,0.13312324465712341
0.6447604550221897,0.077020114816347365,0.27077592831802871,0.0074435018434339598
0.76423202636362686,0.088558245336503527,0.097159364077638338,0.050050364222231421
0.495320983444204,0.33021398896280268,0.13349539512847622,0.040969632464517049
0.7219316763979492,0.1804829190994873,0.0,0.097585404502563589
0.54368737121642186,0.36245824747761463,0.0,0.093854381305963464
0.62559876424099659,0.15639969106024915,0.19870868462944913,0.019292860069305185
0.53332942648527992,0.35555295099018663,0.0,0.11111762252453353
0.53153302424626803,0.35435534949751207,0.0,0.11411162625621984
0.72351261551349444,0.049546377627133799,0.19399881974763897,0.032942187111732787
0.5278744222296099,0.35191628148640663,0.0,0.12020929628398347
0.5030495101182052,0.20027061273010593,0.26549619457372009,0.031183682577968667
0.53139959633020772,0.35426639755347189,0.0,0.11433400611632037
0.35114686573356318,0.52672029860034475,0.0,0.12213283566609212
0.40099311340612009,0.1401466287638557,0.43314357795698366,0.025716679873040656
0.34920570624457387,0.52380855936686077,0.0,0.12698573438856547
0.53723538366941459,0.26030980824394806,0.1687303867358706,0.033724421350766712
0.60299390582991974,0.15074847645747994,0.22375524018162865,0.022502377530971535
0.70555967770621342,0.17638991942655335,0.0,0.11805040286723328
0.74416617080394887,0.043798628694042052,0.17435889376189054,0.037676306740118647
0.29699044025171095,0.44548566037756637,0.23875765211901501,0.018766247251707713
0.58386403889649141,0.15367942360491019,0.2451574174041164,0.017299120094482055
0.74515145452033116,0.18628786363008279,0.0,0.068560681849586039
0.56884591961733422,0.10757889229533017,0.30075697517063221,0.022818212916703304
0.92017185070224516,0.0,0.053215652283737966,0.026612497014016807
0.5270317368252363,0.35135449121682427,0.0,0.12161377195793942
0.4996250740736467,0.33308338271576443,0.11449874683954858,0.052792796371040451
0.53921316990327117,0.35947544660218084,0.0,0.10131138349454796
0.75049548658596543,0.18762387164649136,0.0,0.061880641767543224
0.69885340503015669,0.076064772282828555,0.17098473438207179,0.054097088304942788
0.62505840127368517,0.11501887322821037,0.2328727545758662,0.027049970922238209
0.43073713449700213,0.13610098652007821,0.42430051839543448,0.0088613605874850853
0.5834907593975901,0.1862633035332231,0.20766984450382947,0.022576092565357541
0.74939825887961165,0.18734956471990291,0.0,0.063252176400485569
0.54360780636389794,0.36240520424259864,0.0,0.093986989393503445
0.60881423641399468,0.10557419630475109,0.27813730688417387,0.0074742603970804214
0.52532729546836199,0.35021819697890805,0.0,0.12445450755272996
0.56249396920058603,0.19515277195883696,0.21697160580233282,0.025381653038244419
0.71910363355732854,0.17977590838933213,0.0,0.10112045805333932
0.43804866084970479,0.29203244056646982,0.22625154359940905,0.043667354984416401
0.87153574963016012,0.0,0.0,0.12846425036983983
0.56011876413434014,0.3734125094228935,0.0,0.066468726442766385
0.54204956502200097,0.36136637668133398,0.0,0.09658405829666511
0.25401161455577009,0.257774357178646,0.45322547834915411,0.034988549916429725
0.58204456418075889,0.20339685060562029,0.19050592387792928,0.024052661335691398
0.351422055816492,0.52713308372473788,0.0,0.12144486045877015
0.62646024723861704,0.22297339377936071,0.097768120433259623,0.052798238548762519
0.92056863290841018,0.0,0.041715396832889245,0.037715970258700639
0.8376061434761316,0.0,0.11217691874714678,0.050216937776721628
0.56823005874598498,0.37882003916399004,0.0,0.052949902090024953
0.66796856971156382,0.11203892186809923,0.19384883140872691,0.026143677011610189
0.44273765606139243,0.20635543105888945,0.32367408911852769,0.027232823761190333
0.24524079697777479,0.36786119546666218,0.35801053029705598,0.028887477258506808
0.83911733109527364,0.052837905457953985,0.092008100672669332,0.016036662774103292
