0.39214410861834703,0.09039237747694838,0.51084729800891182,0.0066162158957926952
0.19022289346368401,0.12681526230912268,0.61353705435661665,0.069424789870576584
0.38223468829139307,0.056993397085942928,0.55912339747741158,0.0016485171452526009
0.25116533667079838,0.027814743798730446,0.70659226313921319,0.014427656391257933
0.3124073378062851,0.047374508241634243,0.62511363758588023,0.015104516366200291
0.22753915993076548,0.06624446446641942,0.70017131860947135,0.0060450569933438031
0.26849444515263837,0.067123611288159593,0.63160287299730167,0.032779070561900381
0.42082612701445227,0.061828024851747321,0.47638188540968718,0.040963962724113387
0.26806856401881035,0.052966930794123707,0.66837523177326996,0.010589273413796211
0.096598416990019767,0.11133431574568377,0.75499787183219769,0.037069395432098667
0.19399362443839688,0.11915049967954969,0.67342081076459026,0.01343506511746327
0.19893451993768574,0.049733629984421435,0.71080759912964142,0.040524250948251385
0.1489245810795933,0.22338687161938989,0.62275424747949149,0.0049342998215252346
0.33424291964819258,0.087285964880756919,0.57387410797840255,0.0045970074926479513
0.32594922837902096,0.069521778388596731,0.60196114795539035,0.0025678452769924238
0.29915516814056659,0.11514284060446765,0.58232178331197559,0.0033802079429898131
0.31811071554158615,0.095254490656880533,0.56872758642552657,0.017907207376006817
0.13330491932633007,0.030112635556334505,0.83365956786444795,0.0029228772528874934
0.092780723503947934,0.023195180875986984,0.7851166862917105,0.098907409328354609
0.54674695383027327,0.032448036817450149,0.38003443609516457,0.040770573257111822
0.41383097618628573,0.13874410063269765,0.44577187309741639,0.0016530500836002585
0.28415411865420009,0.10823134561919949,0.59547328167970259,0.012141254046897532
0.1755750683125977,0.054240822104625941,0.76907270885586754,0.0011114007269082393
0.23730501597760179,0.07873023953470358,0.66681296709221027,0.017151777395484073
0.24329447006662525,0.04892858837218949,0.70480280384202854,0.0029741377191567653
0.22369696893749524,0.056242147293412301,0.71669879196965791,0.0033620917994342577
0.29908633748203473,0.062724384077513365,0.6265128582799051,0.011676420160546985
0.57142396507501747,0.1336857993207059,0.29242532278971944,0.0024649128145569892
0.2200968188664589,0.055024204716614726,0.70912252914299634,0.015756447273929955
0.27739107220795384,0.10443841669695042,0.61278692670145529,0.0053835843936405432
0.19248019953364767,0.079719146474301575,0.72464669751290256,0.0031539564791478046
0.2813327317014383,0.085624665396771077,0.6119809670874935,0.021061635814297073
0.18751942210056144,0.013076399605525417,0.7348961162647466,0.064508062029166577
0.51707671580188974,0.047295461542284249,0.42680536251286816,0.0088224601429579847
0.27333220281203296,0.14700616158726237,0.55018637771683121,0.029475257883873597
0.29974757998269158,0.089434506087842494,0.58074878500001792,0.030069128929448116
0.50454343366720122,0.013470628036871286,0.46406382387579626,0.017922114420131422
0.36804075335262448,0.034014768421442632,0.57986483052831972,0.018079647697613319
0.28399961494592785,0.065504850096195735,0.64151330403799833,0.0089822309198780443
0.31079472271326347,0.043277646501050648,0.63900517237549137,0.0069224584101948445
0.28895628916434701,0.040081640903718699,0.66640033611721283,0.0045617338147213105
0.38468020368801703,0.094247667002865437,0.51913851601959005,0.0019336132895274958
0.29677546583209369,0.0,0.66631474366456378,0.036909790503342595
0.12020313787185744,0.030050784467964359,0.81245591831575559,0.037290159344422397
0.18703914089795823,0.10452278261627243,0.70804211595823019,0.00039596052753926493
0.2816728743359439,0.070418218583985975,0.63048378071816946,0.017425126361900495
0.50543736665910888,0.16048245121401949,0.33164708392828823,0.0024330981985835726
0.25995135902097105,0.064987839755242763,0.64555670016247968,0.029504101061306458
0.27442912946881443,0.13182525325593547,0.58913777839518211,0.004607838880068286
0.5677438091728868,0.06083894706251778,0.36946495088855791,0.0019522928760370736
0.23496208009551534,0.058740520023878834,0.67706213275812754,0.029235267122478176
0.24921980468240684,0.0,0.72314509177294584,0.027635103544647297
0.22091102330300968,0.12089244690967786,0.65233907601631624,0.0058574537709958083
0.31934212356576036,0.012809806717242527,0.65553119316000541,0.012316876556991653
0.35564113000227698,0.13480397809493269,0.50659722676977692,0.0029576651330133204
0.45133245940338867,0.032998551174972066,0.50587501380487632,0.0097939756167631249
0.38600635912313191,0.0088917475023181265,0.59797667779012431,0.0071252155844257802
0.094206092465172933,0.1325428515330225,0.76991568825920342,0.003335367742600999
0.2827424768297126,0.06828511449202955,0.63463993456380974,0.014332474114448114
0.18162387299276556,0.067742181632072129,0.71629788850474907,0.034336056870413204
0.44672505405759788,0.11018801786206489,0.42982952730533125,0.013257400775006162
0.44886380488661531,0.12256465827113698,0.42635576897881172,0.0022157678634361915
0.51820719732004528,0.073964179864316054,0.39401244772495769,0.013816175090680713
0.21803721281868685,0.082331160229220476,0.69465381832335182,0.0049778086287407611
0.23257952296574155,0.050835171041016682,0.7100093104784363,0.0065759955148057096
0.39139687509658611,0.049516155102830223,0.55588181797199743,0.0032051518285863296
0.42307336770854881,0.06250055048912774,0.51138861639061783,0.0030374654117058821
0.26660882814735398,0.065490146556791376,0.66626488879323031,0.0016361365026247585
0.57167555496582623,0.15950175136711667,0.2656040413133734,0.0032186523536839461
0.44687341530499075,0.11171835382624769,0.35766874802592263,0.083739482842839011
0.13885058207348042,0.20827587311022056,0.64248701415029996,0.010386530665999151
0.34487771069564971,0.067819083780457701,0.57259117539543769,0.014712030128454992
0.19372101647374693,0.048430254118436732,0.75107380882270658,0.0067749205851095357
0.59462666058328595,0.13925148961990116,0.26168706445924189,0.0044347853375709496
0.25176247914231703,0.074994435916658192,0.66543461190639164,0.0078084730346330228
0.23197836449640363,0.066736371639161976,0.6984186205320051,0.0028666433324293747
0.22369720936445703,0.046320930831288333,0.727271558004015,0.0027103018002396467
0.28214070304809052,0.044996858818578525,0.66325619623244503,0.0096062419008862612
0.48386448014757372,0.048776945841979905,0.46202447479193842,0.0053340992185081076
0.2209582535695733,0.09012673467928857,0.68828106922066001,0.00063394253047758468
0.22098715111470604,0.054688056582234579,0.69273681714379043,0.031587975159268949
0.30903151606828722,0.069080304086768976,0.61555166854783516,0.0063365112971084207
0.38958075891682564,0.080510728141510515,0.50521106542259087,0.024697447519073063
0.2740783154786316,0.026327551010753032,0.69433226925624225,0.0052618642543730207
0.29337296644135841,0.10459475724003732,0.58651516096988665,0.015517115348717898
0.17371940189307125,0.051712325055719703,0.76043910272862936,0.014129170322579763
0.3180578920149123,0.084484853244026506,0.59503183913883706,0.0024254156022244849
0.33533732367778729,0.11460728080474705,0.54714091567087531,0.0029144798465906068
0.30627530649006979,0.14392679866654703,0.5379759817978963,0.011821913045486803
0.39444567443269785,0.026387346311349397,0.53540615053719265,0.043760828718760109
0.35956488309787521,0.067007946089443035,0.56891241164640416,0.004514759166277851
0.55703074148835185,0.087025239260167156,0.35012284262206583,0.0058211766294150357
0.37544427096506433,0.058803167742116066,0.52654225910967145,0.03921030218314802
0.27942180015963458,0.018094638339114063,0.66396792517742076,0.038515636323830683
0.15111361357893691,0.082157241107395446,0.76041358792019931,0.0063155573934685913
0.47580599982990962,0.15638969742966846,0.35150228324209937,0.016302019498322523
0.21437142805903156,0.030460787090458546,0.70509975870360309,0.050068026146906801
0.26006368451829387,0.059849318202938998,0.67065890033607545,0.0094280969426917081
0.36868802078982904,0.019490892309766888,0.60514334134707604,0.00667774555332778
0.29456958769015246,0.11262047763450983,0.56280190188746015,0.030008032787877521
0.26101475876172758,0.09257583747790285,0.64167699112151155,0.004732412638858252
0.5529797277654811,0.052379451454367704,0.38708912426178599,0.0075516965183652232
0.32714474433918173,0.066929977121224268,0.60346072372884929,0.0024645548107449346
0.33365924615558118,0.022229563941349315,0.6403717416539606,0.0037394482491087825
0.45908565096940335,0.15209724295309598,0.37070948244221508,0.018107623635285668
0.62404903316727345,0.1511907694227021,0.22230586551295034,0.0024543318970739973
0.64560954824799444,0.068148960650127016,0.28385646014232424,0.0023850309595548004
0.18977356251712477,0.042215840265142454,0.76532495838900239,0.0026856388287308497
0.28556248247104421,0.043427066805083167,0.65355519705891052,0.017455253664962062
0.47968624951666822,0.094192921249743072,0.42418946418502534,0.0019313650485634454
0.25891506159534744,0.086871187148055889,0.65367350884484743,0.00054024241174963625
0.25701475869933643,0.041907229922724221,0.67966943679073577,0.021408574587203535
0.32708147631932871,0.17778579029609179,0.47555834798864394,0.019574385395935555
0.50788682174052546,0.11170200205046812,0.37568405902125079,0.0047271171877557002
0.38971974638246804,0.018884378902861054,0.58460823802204864,0.0067876366926223073
0.36294199499824414,0.068401078689294847,0.56436208761585072,0.004294838696610453
0.43926138542383519,0.076190059347985006,0.47507341751923515,0.0094751377089445279
0.3466040975662173,0.0,0.61810238890581692,0.035293513527965739
0.40569571168682123,0.032890073938205984,0.55497151827557289,0.0064426960993998836
0.21700079631829886,0.054250199079574714,0.70012539792684092,0.028623606675285716
0.19744003651545949,0.051677873912012076,0.74120986879539386,0.0096722207771344423
0.15727375282873135,0.053879467089366917,0.76550038715980784,0.023346392922093947
0.40219612233524538,0.13284897667558432,0.45452150117218909,0.010433399816981222
0.42298412416560605,0.17813392934580913,0.36098338398802721,0.03789856250055755
0.30581088365906006,0.056258880252895493,0.63656773781522735,0.0013624982728170335
0.17970543937239675,0.046652935842842157,0.77076014916970859,0.0028814756150522874
0.28278226742766932,0.055401610966379813,0.63884421792247692,0.022971903683473866
0.30970395818642704,0.042813212507015988,0.64351330527599315,0.0039695240305634687
0.29135173673606091,0.017338224908906599,0.6815951237090434,0.0097149146459893226
0.28928039175179199,0.021453878953097496,0.6686676744136858,0.020598054881424528
0.28365419050316648,0.12725280258722832,0.53315684600452984,0.055936160905075222
0.21598776185661706,0.053996940464154264,0.67136184956960632,0.058653448109622336
0.44795886908936894,0.064901363159429473,0.48056361740277109,0.0065761503484303976
0.28236508335254851,0.078021228502327525,0.63638189809006385,0.0032317900550602888
0.27563981773181434,0.15358256366608405,0.56597372502496734,0.0048038935771343699
0.19507017859287462,0.028883089108740104,0.76561460048841934,0.0104321318099658
0.18584036444687543,0.025156028518424769,0.78099743452735182,0.0080061725073478206
0.1545986831276577,0.025716505641704739,0.81603796162355136,0.0036468496070864165
0.25359026075417174,0.12914990069995685,0.5866307906049737,0.030629047940897897
0.2151538261513582,0.034214451774226627,0.74488821486111667,0.0057435072132983721
0.51517355816321142,0.13856446029531475,0.34380215389586632,0.0024598276456076788
0.29682647804833795,0.079314522585478997,0.61746416801241555,0.0063948313537677349
0.39537139108393637,0.013713507352408396,0.58655664553423326,0.0043584560294222512
0.28487706344077529,0.064559726665129477,0.64644516061180368,0.0041180492822915065
0.32568253147636445,0.079440581977867256,0.59292121463878333,0.0019556719069848041
0.30214574591597648,0.0,0.66858792372519738,0.029266330358826059
0.52775057373385326,0.10683096144133808,0.36365199238548257,0.0017664724393262143
0.68360916073069122,0.0,0.27030317370940204,0.04608766555990669
0.32791190803461945,0.094866810843331401,0.57565398224787956,0.0015672988741695744
0.40835385095716459,0.093074933025000486,0.49281184456270744,0.0057593714551274619
0.27757128403424847,0.080182373055355485,0.63944303848707562,0.0028033044233208219
0.3125106054619165,0.078127651365479125,0.50605019721345268,0.10331154595915169
0.28787223555668545,0.10281857750969244,0.59283086165869292,0.01647832527492938
0.45200984064764227,0.074428758352748453,0.46922456065585166,0.0043368403437579021
0.57474671973866109,0.17007972158954793,0.24691791359509285,0.0082556450766982075
0.52400686879537339,0.16545791825414319,0.30654315914549063,0.0039920538049927363
0.37722455932385562,0.048368130954969002,0.56999787215494113,0.0044094375662337435
0.20857380442473125,0.093012557670666129,0.67179817463263625,0.02661546327196632
0.33715100519500829,0.038370891988813889,0.6118195935849009,0.012658509231276687
0.34991913386841322,0.088166829331743538,0.5564106120501453,0.0055034247496977828
0.19056057089429265,0.019439290722094982,0.77058090780313238,0.019419230580479983
0.2173763005525069,0.089157644977078884,0.66832045433344156,0.025145600136972736
0.39754714251628503,0.012081528982193043,0.5651732091524132,0.02519811934910875
0.21552596120636375,0.056439882789488985,0.72555357940152654,0.0024805766026208677
0.12372357349917158,0.18558536024875733,0.60758946680585157,0.083101599446219518
0.28351892599842698,0.05095357705751842,0.66195661283995355,0.0035708841041013489
0.2418984802219605,0.027370895142368672,0.72623307948612492,0.0044975451495460625
0.12607812923333792,0.092616157081657352,0.77028291053992526,0.011022803145079293
0.36528383689306698,0.0,0.538551989862883,0.09616417324404998
0.29488245218799414,0.080138466426615762,0.60219016950852022,0.022788911876869909
0.30333661847439047,0.043068594009668622,0.64636001407843702,0.0072347734375034847
0.43317350185143361,0.097904036012057036,0.46227195262245102,0.0066505095140585394
0.46815026803373039,0.10275988241254366,0.42695610947708645,0.0021337400766396476
0.37025365815521089,0.049025138698969489,0.5516767690502985,0.029044434095521265
0.19678998388810368,0.091347453736012538,0.70298842004388307,0.0088741423320006646
0.16173091989908056,0.043851832216282804,0.77359067968340778,0.02082656820122902
0.30313743190665771,0.075784357976664427,0.57693466675754024,0.044143543359137657
0.37918729693070946,0.10282449996808746,0.51590944692404439,0.0020787561771580835
0.68799471119626365,0.054311828842896454,0.24763517916127989,0.010058280799560053
0.42344510105352806,0.13592070908337667,0.4341040843033277,0.0065301055597678601
0.17273470466931851,0.02781342357141554,0.79390483507185672,0.0055470366874086525
0.33866498086360136,0.05504370622154664,0.59573813188550584,0.010553181029346109
0.18070866542981126,0.071606873574938501,0.73030254219358515,0.017381918801664942
0.40328079420244034,0.077863924756429156,0.51221846445760777,0.0066368165835226098
0.27864862075828634,0.030487037658768638,0.68252121394515031,0.0083431276377949233
0.43307238461750325,0.054222191324736393,0.50706691756298916,0.0056385064947712801
0.26551822662216568,0.16627306005230219,0.56215811203636723,0.0060506012891647512
0.33708022395133735,0.099908543144970913,0.55525480246988013,0.0077564304338112629
0.28178822806761566,0.31578720185466674,0.39833749195540502,0.004087078122312876
0.45796798132246413,0.12945716793916023,0.40710936409724363,0.0054654866411321112
0.18050905118545985,0.041671378146143356,0.76648745142234154,0.011332119246055428
0.22231846766416807,0.036381985264375624,0.73462722943770165,0.0066723176337544592
0.29547150255463273,0.056359441743672717,0.64137478301531226,0.0067942726863821539
0.27804483672456015,0.032221431842516593,0.66992239194342806,0.019811339489495136
0.59094371446061067,0.0,0.37017382732671844,0.038882458212671056
0.19872217921222199,0.049680544803055497,0.70941209203490097,0.042185183949821674
0.2057154552747977,0.030634630794149503,0.7112599508727474,0.052389963058305518
0.40058443290157303,0.12011333823463911,0.47799264865291746,0.0013095802108705852
0.3674974712996335,0.0,0.56158470147670214,0.07091782722366434
0.26608247415985403,0.056321941824982361,0.66785995686650879,0.0097356271486548577
0.23144574051649558,0.057861435129123895,0.67940711404010157,0.031285710314279028
0.23407596394032079,0.10744856896732585,0.61912027021337057,0.039355196878982882
0.24153256949311588,0.062218968660389222,0.69211247291069811,0.0041359889357973079
0.67844062994271048,0.02579672760053946,0.27449427283021649,0.02126836962653372
0.2028442232325221,0.050711055808130526,0.67504688641743249,0.071397834541914937
0.24011118600258011,0.032608721472564224,0.72461109299307469,0.0026689995317807939
0.38849899384354331,0.081752210780285425,0.5058181915044021,0.023930603871769231
0.24772436654366617,0.05122942205408456,0.69279044764775022,0.0082557637544991916
0.26579939507220146,0.13077660245299777,0.59565279873079457,0.0077712037440061579
0.32739566311874435,0.037585602991149665,0.63258036459729106,0.0024383692928145154
0.42802607243012447,0.11433185013296801,0.45570327095379748,0.0019388064831095185
0.18340745781526832,0.05123873960241819,0.75958987827143765,0.0057639243108758755
0.3403842646028179,0.154947462469087,0.50115047471164953,0.0035177982164461548
0.27635733153723541,0.0,0.69691032590470736,0.026732342558057235
0.83485103455872323,0.1113625216414818,0.037225930784495119,0.016560513015299753
0.44473149365202996,0.03727536950294473,0.48849871950109836,0.02949441734392701
0.15951994380479853,0.069643824682211974,0.7689749776829049,0.0018612538300843734
0.19535325823148356,0.048838314557870889,0.63439116874707924,0.12141725846356635
0.46504941527353277,0.076985564183182031,0.45527237129142845,0.0026926492518568562
0.34307247414244735,0.061424206433008069,0.59309853871451079,0.0024047807100339076
0.2487267877451855,0.0,0.7100962524204788,0.041176959834335697
0.11886891603598625,0.095834846200149038,0.74555685222048251,0.039739385543382036
0.2925831575365499,0.034589519538123545,0.66242838035371621,0.010398942571610377
0.71255701076675859,0.046037557776760434,0.2336786972038328,0.0077267342526483223
0.51381225988275758,0.071951351836324159,0.38250417223182842,0.031732216049089802
0.44458321082262225,0.072895269138388161,0.47926500513007164,0.0032565149089178905
0.17874231299218504,0.06342461953904735,0.71405624569567205,0.043776821773095588
0.1840117448852292,0.096290238156063523,0.71688293818314808,0.0028150787755587396
0.26823509752019603,0.067058774380049008,0.60409769064586138,0.060608437453893563
0.2303469838514125,0.11936458022279919,0.64536224991366287,0.0049261860121249338
0.31499705153883184,0.079321086952423736,0.60048283950926606,0.0051990219994781563
0.14077150030869118,0.13941250863139465,0.7190292097168467,0.0007867813430670179
0.41436418343646164,0.092254081591624487,0.4865732314008937,0.0068085035710203851
0.3032794604457632,0.019079722008790108,0.64233359808817636,0.035307219457270118
0.12276931751623159,0.047132500937498302,0.8250014392749021,0.0050967422713679251
0.38029544019835915,0.080167015514544193,0.53771258609673844,0.0018249581903584755
0.23903269836367447,0.044916738547852796,0.7021272940518718,0.013923269036600711
0.37333327913708247,0.210103569832332,0.41386786725373331,0.0026952837768525594
0.27601660772159065,0.18590238433700301,0.51545795538077699,0.022623052560629093
0.2342276635201519,0.09160736946446979,0.63081645035150269,0.043348516663875805
0.14167772643948143,0.078231951342309022,0.7746916352601162,0.0053986869580935678
0.27069112057674188,0.0,0.60308840619302584,0.12622047323023225
0.2590052385016316,0.0,0.73579351378140734,0.00520124771696138
0.16968366885620287,0.16278082894695517,0.66432545467006621,0.0032100475267758297
0.36373759072891054,0.08095258972044185,0.52935367385313836,0.025956145697509151
0.29370920087706348,0.052521105991190198,0.64970010144767876,0.0040695916840677131
0.40738472949732468,0.014617538168248623,0.57080195382596177,0.0071957785084652047
0.27573600459765907,0.04468658858254166,0.67624711645548374,0.003330290364315743
0.36135143188221325,0.10545220232600079,0.53118932348408598,0.0020070423077005648
0.37234109718332981,0.044654104600295043,0.56349728778318409,0.019507510433190944
0.58579374720527322,0.0,0.28371721043452358,0.13048904236020317
0.32776410980427889,0.07251039524835054,0.59601448660232559,0.0037110083450449557
0.29816986329263073,0.089325117466216991,0.60249193409583746,0.010013085145314774
0.17947899443618465,0.01714402275804246,0.79818501901785466,0.0051919637879179912
0.35443478359063119,0.10129802441393129,0.51007403771262982,0.03419315428280776
0.53086859434139799,0.1327171485853495,0.29441502791402413,0.041999229159228296
0.39776118850652703,0.027692711924642406,0.5463979206603039,0.028148178908526389
0.25540704004239162,0.050472321896507258,0.65910120450118204,0.035019433559919246
0.48329155203442592,0.093942429098274369,0.41950997553338965,0.0032560433339099497
0.19302703344694674,0.037693642225652794,0.76548655239965158,0.0037927719277490524
0.26519757515164571,0.081636571216450612,0.6440700845373053,0.0090957690945988393
0.30432545084176549,0.029788767903496091,0.66330414201988264,0.0025816392348553333
0.52433548563810506,0.10924479359626238,0.36277939894379574,0.0036403218218364502
0.23737215806450138,0.0077013478004856637,0.71130010553289003,0.043626388602123103
0.57851176984407604,0.0,0.41586645874172723,0.0056217714141967648
0.38458337605748821,0.068855885156837313,0.53327980205146353,0.013280936734211043
0.43906808206198966,0.053615810998854617,0.50446781666339446,0.0028482902757610198
0.3530524065602002,0.11645095958389261,0.50628063603055329,0.024215997825354173
0.17347607182930708,0.067306086333238424,0.71220266660620102,0.047015175231253523
0.30921472117579712,0.06105204810426864,0.6261086163613403,0.0036246143585936456
0.34551004712322847,0.0,0.49788582000577974,0.15660413287099184
0.07604407707501476,0.11406611561252211,0.75772684830589954,0.052162959006563585
0.23944464528441062,0.085100300931914841,0.65930990867859607,0.016145145105078286
0.49823817600185577,0.099985397768737869,0.39757816202135082,0.0041982642080559025
0.43531231546113736,0.037309209767082643,0.493704937856357,0.033673536915422853
0.2692124568694173,0.0062970903724125626,0.71692267751155792,0.0075677752466122338
0.35107757357421421,0.04649655565173174,0.5779421233542833,0.024483747419770885
0.25296476494007758,0.052639350976662107,0.67801505910582993,0.016380824977430434
0.20548734653135881,0.051861545733351937,0.73987237762087676,0.0027787301144126288
0.47280894533440126,0.10133360475197165,0.42348255980230587,0.0023748901113210467
0.33836437431182664,0.1308021213372742,0.52634360872054287,0.0044898956303560935
0.33898826243093061,0.097738171277834754,0.55775720404945206,0.0055163622417825032
0.55771482592356647,0.13427866640030495,0.30103688059451678,0.0069696270816116505
0.42276810712796675,0.095289053273066845,0.47553946570384847,0.0064033738951177633
0.41418493874753881,0.071072616904338679,0.51294632007802987,0.0017961242700927063
0.3757095084994424,0.10669525267016329,0.50682554996363638,0.010769688866758022
0.062647904238977273,0.089024426132923551,0.84578056737788299,0.0025471022502162729
0.29733829406209289,0.038381531129672526,0.6488587235768527,0.015421451231382019
0.38396023173469079,0.057344085622107688,0.55467720995098302,0.0040184726922183785
0.27769348235536395,0.086821507720037522,0.62653185797097444,0.008953151953624167
0.40620907330185313,0.051416540545764063,0.5302410315526922,0.012133354599690581
0.29066153521295313,0.079096052063990882,0.62792635162784771,0.002316061095207763
0.21474391584104696,0.16955385641226906,0.61383923251170824,0.0018629952349766533
0.41582560995322126,0.050170047133504397,0.47729981416905953,0.056704528744214798
0.13983637542492125,0.14459808907520655,0.71403339039350888,0.0015321451063628844
0.20064698858064964,0.050161747145162409,0.71275827458269858,0.036432989691489392
0.39117257786295329,0.025326325637025172,0.55111244551939209,0.03238865098062927
0.27815994805144956,0.094564669715854102,0.62294656103765034,0.0043288211950456741
0.33371396317072533,0.10846185286789238,0.55706577277252611,0.00075841118885561275
0.49878056703767981,0.049765763045085128,0.44605592218284468,0.0053977477343903338
0.54188879708443061,0.11467184066453366,0.33749943501312329,0.0059399272379121321
0.14494874251314302,0.049058590006995653,0.79875871722825775,0.0072339502516037329
0.44507067267725492,0.0,0.42567839238931859,0.12925093493342654
0.28655719208912678,0.0,0.69271698894346456,0.020725818967408553
0.32614740895639255,0.18394834725459233,0.48060537480812793,0.0092988689808873749
0.47205506450257623,0.075591372903099821,0.44246910202262602,0.0098844605716977372
0.38888878683578448,0.10310229468721648,0.50237910592799795,0.0056298125490006536
0.4980900232670028,0.10341741806717901,0.39645312231778351,0.0020394363480342966
0.2488206385271966,0.10171895975704412,0.6230818901033196,0.026378511612439627
0.30210364776656973,0.032181395655106304,0.66201441852460696,0.0037005380537168463
0.19844414947452454,0.053900225534783977,0.7458631286901608,0.0017924963005302881
0.38392841931761151,0.028065941410480282,0.57978404109964732,0.0082215981722609313
0.39945456551675584,0.0,0.47817529708885853,0.12237013739438563
0.22551806896374671,0.086222857027016181,0.67674148736600259,0.01151758664323463
0.37933882246100653,0.20911401062716525,0.39035119405159568,0.021195972860232743
0.4127224641823925,0.073033570720564753,0.48890584450412661,0.025338120592916267
0.10625396029825489,0.046194856087368209,0.84450987850828418,0.0030413051060928392
0.37865001029298428,0.012621162487460253,0.59122671278907102,0.017502114430484203
0.29584446153133365,0.016483019855139065,0.67020874099976402,0.017463777613763214
0.24390304890230108,0.073794548009794875,0.68072102634080489,0.0015813767470991274
0.72364424144927719,0.030645595870359414,0.2373660888122528,0.0083440738681106689
0.64339554728837289,0.082687734881990896,0.25448865066825133,0.01942806716138485
0.33750811709923173,0.039616757265168327,0.61633340856207108,0.0065417170735287446
0.242352181137687,0.036585638707826836,0.69677474303334119,0.024287437121144763
0.24392347835377604,0.055708281072203013,0.68319495811091102,0.017173282463109847
0.53082856006487689,0.070939670401417632,0.39326912353298682,0.0049626460007183588
0.50418215698143365,0.098223064219655057,0.38596058004270539,0.01163419875620581
0.17524355554317636,0.089559206950440617,0.70980233337746879,0.02539490412891416
0.30412291721668427,0.11179377715410364,0.58368022000230413,0.00040308562690791888
0.3542933163384534,0.033497805246723161,0.60748070430392764,0.004728174110895848
0.20553360675901464,0.049822556438030727,0.74004770393889041,0.0045961328640647036
0.3480553580736569,0.087013839518414224,0.53581683716820427,0.029113965239724472
0.12179964865072283,0.043018367432677014,0.82486091405468442,0.010321069861915505
0.25746700187476534,0.046964753360951121,0.68741552877793,0.0081527159863535609
0.12325989999927099,0.030814974999817748,0.80248462436268642,0.043440500638224792
0.58585580162048967,0.036112759039819489,0.36995555130275237,0.0080758880369385423
0.48944136861445953,0.16555862239061783,0.33803667219560507,0.0069633367993174808
0.26093691550378806,0.1262808673025807,0.60524641900889475,0.0075357981847363441
0.24463417193311887,0.13863688695820381,0.61013126831983333,0.0065976727888438823
0.56489016616952925,0.053485560722852946,0.34437334065001168,0.037250932457606141
0.1875690341818243,0.025065350915628278,0.77560556044188778,0.011760054460659945
0.34561139011407888,0.0,0.55080161917527382,0.10358699071064725
0.21277558894072696,0.3191633834110903,0.46082828870563819,0.007232738942544596
0.19133333117264559,0.10202244615350058,0.70418420832383843,0.0024600143500157537
0.49634432156765373,0.027907699663166891,0.46297715835672648,0.012770820412452869
0.20347176732845232,0.037526938055471713,0.75399186828736964,0.005009426328706215
0.31931890197999535,0.040129647277503906,0.63271247313568346,0.0078389776068170415
0.45915644661387478,0.14649674141510999,0.39222717148333169,0.0021196404876833836
0.53126655895921326,0.11594626983832232,0.34038967657550523,0.01239749462695906
0.43120439186303972,0.12801029194645175,0.43755520137566184,0.003230114814846701
0.16993143284363582,0.045282969636903148,0.77135184361605669,0.013433753903404294
0.18417958839957468,0.093946596461596199,0.68991038157137796,0.031963433567451342
0.46420162514101249,0.077305574038560546,0.45478467754492918,0.0037081232754982464
0.15684049041094905,0.07028757044146608,0.75949136764234726,0.013380571505237243
0.46192174900767435,0.05871158103558529,0.4700504252036018,0.0093162447531384505
0.27833639476550226,0.1072065573761956,0.60615580434989169,0.0083012435084104802
0.29284888851754143,0.028873296208239509,0.67511796118555301,0.0031598540886660724
0.56693763902939975,0.051704068058677749,0.37784233505521547,0.0035159578567068813
0.29207845042951547,0.054398673737331656,0.62664651687270057,0.026876358960452287
0.46639249947862049,0.059762182500031763,0.47112646130523589,0.002718856716111856
0.45559676158039697,0.069226979228550978,0.4689095345238492,0.00626672466720296
0.17725087350336111,0.18727578761952399,0.63320217429824066,0.0022711645788742753
0.23506523706891996,0.044901104752284919,0.70285284018006267,0.017180817998732383
0.3519889928915696,0.0,0.63323231580982386,0.014778691298606589
0.24362043681154502,0.067639042187366813,0.68588473216240498,0.0028557888386830385
0.51406703123742514,0.077968567495133437,0.37425236534917811,0.033712035918263293
0.25656126467991425,0.046606644821623126,0.68520576688132317,0.0116263236171392
0.48185227874991449,0.059949875204192538,0.45587292329787599,0.0023249227480171128
0.24976859013153471,0.02029859200697769,0.71586763875231973,0.014065179109167832
0.41700910358196652,0.075827776144652817,0.50336316469718345,0.0037999555761973115
0.38485878397150902,0.080172635249320029,0.52716990125813368,0.0077986795210372743
0.18277961919201047,0.052891988941318649,0.76278066941152267,0.001547722455147492
0.21423733390215569,0.019949721138714765,0.73080036152747818,0.035012583431651284
0.16457356732893763,0.018067596672249112,0.7723569212487601,0.045001914750053412
0.30336216069958066,0.063373078180652048,0.63026462447009735,0.0030001366496694034
0.2029119974786949,0.047274072458460853,0.73719497713485949,0.012618952927984855
0.1721415322544711,0.034027371604809731,0.76857625380069861,0.025254842340020463
0.30906484479762086,0.072323113113303417,0.61468592243697806,0.0039261196520977652
0.270827493407853,0.012159930955614125,0.71111513944410232,0.0058974361924305401
0.62535570135595286,0.0,0.36363382103854813,0.011010477605498975
0.22338577706999774,0.015869815038059447,0.75407471652584934,0.0066696913660932609
0.3657077647781648,0.0,0.59775386163555078,0.036538373586284381
0.1544747467012656,0.050915288620627781,0.79012098493755112,0.0044889797405556209
0.26376745655929917,0.0,0.66810789203986953,0.068124651400831307
0.37174120627738105,0.10598693405485407,0.5195631207814716,0.0027087388862931513
0.412532405548453,0.20321786445479972,0.36320170194012746,0.021048028056619844
0.36975012841695137,0.071466781439986499,0.55202922194674486,0.0067538681963172642
0.2462793391286657,0.081334282148794831,0.66311464256285568,0.0092717361596839354
0.20780039268573611,0.065880386412015893,0.68548522851398663,0.040833992388261173
0.25805972169841246,0.035406506995790649,0.65492302386512213,0.051610747440674891
0.66718222993491527,0.013095220741233626,0.30939056415108629,0.010331985172764804
0.21403395387074375,0.098046047561997668,0.67234649517278255,0.015573503394476053
0.43177071780921922,0.070019009506955748,0.48262966129352453,0.015580611390300663
0.33649230253553197,0.0,0.58187277228783141,0.081634925176636619
0.33626564952529903,0.023090887967299838,0.6347060193686479,0.0059374431387529021
0.40936163926667801,0.10921045994348579,0.4766631434047563,0.0047647573850798123
0.25558709663585633,0.043806993290319826,0.69690877780136218,0.0036971322724614892
0.18941104563456235,0.047352761408640587,0.73558662992219703,0.027649563034600005
0.38864824674802034,0.1194418465339257,0.48256632851989206,0.0093435781981619156
0.25964617150658192,0.12935036171325132,0.57299636146710031,0.038007105313066329
0.57728498230045577,0.11417044367839457,0.30624613875253021,0.0022984352686192099
0.43696223146036733,0.063114832322735348,0.49539283625698477,0.0045300999599125064
0.2735574836793242,0.053173819300278716,0.67043232391378671,0.0028363731066103561
0.29832212699713889,0.018334183717930295,0.67795310967877198,0.0053905796061585803
0.25781546562712809,0.11022752530260303,0.62170114840655055,0.010255860663718022
0.19006544361585442,0.065331533719734616,0.73989742306453621,0.0047055995998751257
0.19864268131016916,0.0041509521341707208,0.78765317247405819,0.0095531940816019293
0.25885768346208449,0.072430659575307865,0.6667848298088348,0.0019268271537728943
0.26725216554978604,0.032085027918310326,0.653809613689879,0.04685319284202439
0.21483486684808903,0.052803076917651508,0.72758016210245302,0.0047818941318064434
0.063592002365073938,0.03141902771321415,0.86027724054716193,0.044711729374549834
0.28297493684787511,0.041940068224750472,0.65563543465806828,0.019449560269306269
0.53816075186112311,0.1382632262991032,0.32068481386138253,0.0028912079783909774
0.31474081334853793,0.057754298845093435,0.6189135476264479,0.0085913401799207947
0.33128997161140783,0.032072929359480612,0.62958842442795904,0.0070486746011523696
0.63627604605474053,0.0,0.332716565352002,0.031007388593257249
0.28869296290435609,0.060023371531041612,0.64859114822073549,0.0026925173438669772
0.25174226237063757,0.053452426371844199,0.67976393643444799,0.015041374823070343
0.44368392727259209,0.10515762494697982,0.44944548430691333,0.0017129634735141887
0.33072973745223266,0.031284535923291223,0.59924748432089459,0.03873824230358134
0.82582999780191002,0.094909190453645612,0.07661767383959861,0.0026431379048455924
0.41223805105962147,0.094003589561841294,0.46937249731022401,0.024385862068313221
0.18342071562540832,0.057573486169149417,0.75079775349396605,0.0082080447114764084
0.25170581380032681,0.091106535490730806,0.65435823658673675,0.0028294141222055713
0.12927087608066731,0.048733908527341295,0.80655205040105904,0.015443164990932338
0.10770031690317844,0.02692507922579461,0.76481575016609227,0.10055885370493463
0.2184035171891939,0.072505645165106269,0.70288398802205188,0.0062068496236478707
0.27782866947212131,0.035718730032752943,0.66241462227007863,0.024037978225047038
0.5996706279250491,0.0,0.27033330203767791,0.12999607003727301
0.37584216264490378,0.10447805551933242,0.51719908648671342,0.0024806953490508683
0.23857872270928937,0.059644680677322343,0.68943801534026905,0.012338581273119046
0.46866874910921474,0.070030471936177299,0.45555756642282341,0.005743212531784626
0.37030253186302481,0.064318589428297546,0.55961831598056577,0.0057605627281119374
0.24597340359400463,0.071277445043647858,0.66874688688810879,0.014002264474238583
0.57214661588917359,0.066746241253319377,0.35835364723645868,0.0027534956210481538
0.16165478015160886,0.050834490846332084,0.78130606025141391,0.0062046687506448197
0.41979049743065294,0.048997066543462663,0.52957021157184236,0.0016422244540415373
0.49295555779009814,0.10195830454710876,0.40180568937181504,0.0032804482909775811
0.49405562922282975,0.095028257807943911,0.39817056101910775,0.01274555195011878
0.3817364381438943,0.036287924560912857,0.57687537587521165,0.0051002614199807976
0.47284587361470093,0.0072667085401939739,0.51424753301682713,0.0056398848282777619
0.64738519798966387,0.11612563288939481,0.23500589113288306,0.001483277988058257
0.25190879248062226,0.042342926471277582,0.70276804726631292,0.002980233781787061
0.49444401772756125,0.074948494789181211,0.42760919856724761,0.0029982889160092788
0.18769551248589192,0.04692387812147298,0.66708620576984734,0.09829440362278774
0.30351349538959865,0.02502072091865741,0.65164063988590082,0.019825143805842743
0.35147126323480476,0.087867815808701191,0.52357282681893846,0.037088094137555656
0.48250829290747949,0.058227887431316322,0.40359050035426286,0.055673319306941346
0.18579539763350331,0.04757403233756563,0.75622588571597138,0.010404684312959715
0.38383071200106739,0.11531476472450976,0.49327662759115753,0.0075778956832653916
0.13438270120846252,0.061749346979941902,0.76661572586223836,0.03725222594935719
0.12201201839934835,0.0,0.76697676223992994,0.11101121936072163
0.46633124258134639,0.073230245860844659,0.45732231320627115,0.0031161983515375674
0.29651402483102485,0.077041147502942789,0.62130467978317649,0.0051401478828556951
0.26964940405910875,0.045342549155210361,0.68098438273802986,0.0040236640476511249
0.29009445688662522,0.072523614221656305,0.56098575718928678,0.076396171702431612
0.23870842688649746,0.076684790521518512,0.63919154767007125,0.045415234921912663
0.21479433424168229,0.059297337799938843,0.72355100360145486,0.0023573243569241743
0.23367104005454145,0.020756155061585027,0.73472072052457971,0.010852084359293532
0.47373996145774749,0.084181606110529258,0.41413287062434057,0.027945561807382557
0.44552037436316605,0.11138009359079151,0.40777036243235859,0.035329169613683924
0.39068130873431806,0.16456760098695486,0.43760438734978935,0.0071467029289377778
0.1883342509489824,0.041548724902934903,0.75933123673940117,0.01078578740868142
0.14254603886474615,0.035636509716186537,0.80904800912628982,0.012769442292777426
0.19130520710150803,0.059224473315015881,0.74666749485890538,0.0028028247245704941
0.51922427770724633,0.099193777075011799,0.37834013177154346,0.0032418134461982199
0.34676926697852872,0.04137520285345013,0.60869383623523943,0.0031616939327813822
0.20476237620860963,0.08724428894257226,0.68051291263922342,0.027480422209594468
0.17876423636640845,0.015730272448555446,0.76239827706314012,0.043107214121895977
0.099561142384129969,0.14934171357619494,0.66209882079227333,0.088998323247401714
0.37486940962851545,0.11035928526554391,0.48014081850381229,0.034630486602128301
0.44741307289905397,0.063844600261586892,0.48431649454895959,0.0044258322903996342
0.34949354840732733,0.041685558797500848,0.60591266718877479,0.0029082256063970033
0.32342531163029498,0.037716752214119707,0.62984390287032344,0.0090140332852622074
0.23954290594135999,0.12863947551925189,0.62748442083309452,0.004333197706293525
0.13870725471049461,0.034676813677623652,0.73849642639371904,0.088119505218162669
0.1395675405833583,0.13530485173166876,0.72436268382932933,0.00076492385564379327
0.27465703761490901,0.0,0.66705342766077635,0.058289534724314862
0.46032309607631189,0.033075699351563535,0.50157173327478044,0.0050294712973442757
0.2096414580101281,0.20045880819086687,0.58757856695614308,0.0023211668428618939
0.12275139686951177,0.18412709530426766,0.65663205199545283,0.036489455830767709
0.29894625482756004,0.065620246082339129,0.60800249674793583,0.027431002342164997
0.2625895144542853,0.046237013873147798,0.67817020876981693,0.013003262902749984
0.23599910326640697,0.08200180995213481,0.66711506103074192,0.014884025750716193
0.18387394961780537,0.10349509145780242,0.67082853449075708,0.041802424433635188
0.19329270440898669,0.086817815231743076,0.71718579117459436,0.0027036891846758102
0.23922077719317597,0.054195143059181348,0.70220919433816764,0.0043748854094752109
0.25981477065654124,0.1190610264195696,0.59126952902687591,0.029854673897013288
