0.21772270735955185,0.048816475425057362,0.71851701379539767,0.014943803419993297
0.14633184257847898,0.01754136707580661,0.80475676089962289,0.031370029446091581
0.36235728836244196,0.017133797398939145,0.60959189993451635,0.010917014304102688
0.4233130272899831,0.10582825682249578,0.44834496365916171,0.022513752228359409
0.24503209979858698,0.05561767671393044,0.69297295702983497,0.0063772664576475105
0.19849643015457424,0.020408745833015544,0.74612157628249753,0.034973247729912692
0.11002498641537803,0.026895941677254502,0.83412533486093543,0.028953737046432105
0.21825735736621207,0.034378088325182236,0.73550151386906792,0.011863040439537472
0.42351916597596195,0.032647736868803207,0.5334704308331919,0.010362666322043492
0.27256528411930336,0.048075027904418373,0.66556527464312487,0.013794413333153292
0.17198012782681904,0.067093074078381096,0.75534585100558094,0.0055809470892188798
0.22674284829779173,0.0,0.71371234409694251,0.059544807605265822
0.3824383364042413,0.026368319644537046,0.56021600641732316,0.030977337533898437
0.22610428638395824,0.04612535293861042,0.69681570571482532,0.030954654962606007
0.21587448421957939,0.028926306682467564,0.75245564538700216,0.0027435637109511652
0.30586760728858225,0.072738477635073726,0.62056829832189708,0.00082561675444624305
0.41762549676959915,0.046010133706134965,0.52894787220575701,0.0074164973185088566
0.35945239689805247,0.096561817120723883,0.54250001785118773,0.0014857681300363044
0.35117224056273383,0.14386849087475823,0.4955170916936284,0.009442176868879425
0.1013853412655296,0.10469782733635224,0.75135609288930993,0.042560738508808288
0.52295989425456091,0.070757584214094879,0.39129484563463518,0.01498767589670898
0.39930650516515409,0.094544408936704682,0.48192251633154332,0.024226569566597786
0.2471130071346854,0.025051581084021748,0.70005204722677772,0.027783364554515209
0.48110931826300202,0.028042512454449008,0.48640404166557188,0.0044441276169769443
0.41235388646257537,0.0,0.56909928889415085,0.018546824643273528
0.22796786589950235,0.049055323272201454,0.70105014976915225,0.021926661059144044
0.16385935869907167,0.027874421374452986,0.77653559339209677,0.031730626534378581
0.11654738117212669,0.029136845293031673,0.81257652222986465,0.041739251304976896
0.42983277079790366,0.0,0.4832120397853637,0.086955189416732595
0.52999299220308593,0.044981227523117,0.40489658095607284,0.020129199317724267
0.38797607343854351,0.096994018359635878,0.4657050248984817,0.049324883303338632
0.067857410893140527,0.015431941948142649,0.91489702902789083,0.0018136181308261111
0.28164789364127396,0.07041197341031849,0.59654980551485426,0.051390327433553332
0.32500051773954147,0.016590931242899065,0.65275683660693673,0.0056517144106229735
0.3928174245851227,0.0,0.55731320192374645,0.049869373491130714
0.17905161738839828,0.017231316184802083,0.79606902163074023,0.0076480447960594325
0.4188650213886469,0.11948615795523826,0.45605829529480463,0.0055905253613101743
0.26529457060943101,0.034122584182605949,0.68662051727537954,0.013962327932583342
0.38341626272768786,0.095854065681921966,0.4052423216371055,0.11548734995328468
0.33167083912594142,0.014727095519624743,0.63587689626715882,0.017725169087274888
0.071633522598834598,0.024028472319996261,0.85751165610043367,0.046826348980735268
0.32718116511167211,0.081795291277918028,0.56754132855127382,0.023482215059136096
0.14206538316531389,0.018449813813954507,0.8166266689432069,0.022858134077524624
0.23565381402308466,0.084054555582151275,0.66510508086853748,0.015186549526226606
0.35274295043180853,0.036588872851865038,0.59017923060725763,0.02048894610906864
0.28118826932072311,0.070297067330180776,0.6152179779120317,0.033296685437064197
0.25141055058103856,0.073849618688586208,0.66783201734176512,0.0069078133886097993
0.21981697177011988,0.0031636695762154352,0.76454975522250113,0.012469603431163484
0.093997818692535748,0.14099672803880359,0.71368457272436059,0.051320880544300181
0.17127201816419227,0.042975674422957612,0.76882455645199266,0.016927750960857236
0.3541844346703843,0.079588406494075822,0.56365706967102402,0.0025700891645156509
0.31891717660432622,0.079729294151081556,0.58834173483183549,0.013011794412756652
0.34582176327585523,0.066746884862056391,0.58233904334060993,0.0050923085214785654
0.45744232429715986,0.0,0.48213504791522266,0.060422627787617401
0.37983574475429477,0.0,0.51618913484878703,0.10397512039691809
0.24994974482978696,0.092869128312930704,0.63653820557868523,0.020642921278596939
0.20007212879211889,0.075686235739967606,0.66055520836735071,0.063686427100562826
0.17415463461624064,0.11610308974416043,0.65644756425081019,0.053294711388788933
0.14417126066907832,0.032134636356459238,0.80812998347006049,0.015564119504401936
0.09599450600103826,0.046696998981993872,0.84988053226536631,0.0074279627516016505
0.18146006683906488,0.023459724729279149,0.78319421098601516,0.011885997445641217
0.26962519484500347,0.042087457138313529,0.6679356229054092,0.020351725111273783
0.29667025620901105,0.074167564052252763,0.60466738629880834,0.02449479343992781
0.43818729176028254,0.012704186644538566,0.52388432196683887,0.025224199628340056
0.12970209847808889,0.043294506999583413,0.81062733768296802,0.016376056839359547
0.23284895546616358,0.078041105963014751,0.66753964940366428,0.021570289167157478
0.1349656546804342,0.03374141367010855,0.7925065582634564,0.038786373386000883
0.15372257360681596,0.023394495690152773,0.80822275901819296,0.014660171684838337
0.48295181160178502,0.0,0.47539256025047588,0.041655628147738898
0.23190106071409786,0.049797454868680653,0.70563847318337847,0.012663011233842988
0.21842611576383986,0.057699729378652857,0.72177960911139283,0.0020945457461146412
0.36611900090896915,0.092126660445775874,0.52953221361544156,0.012222125029813668
0.077583031166653993,0.028674383115530735,0.88495494087158322,0.0087876448462321441
0.3929067647299132,0.05289371563373936,0.54076808100036877,0.013431438635978817
0.16541201823778739,0.032633945389786964,0.80080130785781334,0.0011527285146123694
0.33744490238550179,0.063290193881204646,0.58764593885701732,0.011618964876276276
0.39318794752092417,0.098296986880231044,0.4818927207075025,0.026622344891342367
0.3519407897160598,0.1131738266006125,0.50649680640974626,0.028388577273581378
0.28775894456795054,0.073778882387965927,0.63115608614167984,0.0073060869024037514
0.28997300668740783,0.093799803304486368,0.59294148910809452,0.023285700900011429
0.52718610721910653,0.0,0.41397752625358436,0.058836366527309114
0.30895216245383705,0.04517286323265831,0.62404486459002906,0.02183010972347544
0.054318242099817608,0.081477363149726409,0.76334361105623771,0.10086078369421821
0.077686727005104178,0.051791151336736126,0.75918871128702459,0.11133341037113507
0.4195004575318908,0.090475230689260472,0.47575312826604127,0.014271183512807338
0.31376534340855383,0.06930067441053718,0.60311431195175691,0.0138196702291519
0.36398853194418762,0.071001506660797215,0.54668919836430785,0.018320763030707229
0.38082868636653439,0.046839763177840776,0.52496684093599111,0.047364709519633758
0.1752710377226438,0.043817759430660949,0.75251463571700328,0.028396567129691925
0.21808369640302241,0.032971682442165549,0.73998313493301437,0.008961486221797722
0.38100714590009654,0.03677919141441291,0.55261736545764495,0.029596297227845379
0.080903462415853319,0.053935641610568887,0.75894285912385484,0.10621803684972297
0.14844551615265453,0.0,0.83744158351488529,0.014112900332460342
0.31727509914443136,0.038660461286448428,0.60631396994556941,0.037750469623550879
0.20847864362662319,0.095469170534241601,0.65741643345629974,0.038635752382835203
0.41467888246809415,0.0,0.46130670724806083,0.12401441028384504
0.18248256212053626,0.12165504141369084,0.64407328002941333,0.051789116436359507
0.25058239529735493,0.084632944283031628,0.64316217059659553,0.021622489823017742
0.2548960447719042,0.055634584395186586,0.68378534854817818,0.0056840222847306578
0.23249894142842664,0.097435300949144127,0.66364616035367796,0.006419597268751083
0.21031000449444623,0.024368690745580564,0.75913748620308585,0.0061838185568872713
0.35286295585321181,0.18719316550007628,0.45474813818364546,0.0051957404630664549
0.18409024275899144,0.056981134537405248,0.73420300913206094,0.024725613571542137
0.43385597748121407,0.026046585664711554,0.53446662281985402,0.0056308140342201524
0.38514305152214806,0.096285762880537015,0.4000665313435231,0.11850465425379175
0.13111846493569571,0.032779616233923926,0.75587392278627108,0.080227996044109351
0.22079020885596426,0.090610597396218642,0.67760669719717426,0.0109924965506428
0.27942389981750809,0.069855974954377023,0.60353600706703936,0.047184118161075553
0.22333183143074858,0.058404355610038539,0.6938827082229686,0.024381104736244281
0.16991355722334703,0.05574522775877782,0.7708715301749085,0.0034696848429666837
0.36079555229758675,0.060540794682059453,0.55297138148790559,0.025692271532447953
0.29879368563523701,0.073354483496345935,0.61715585928546834,0.01069597158294873
0.3886983644650715,0.049164245435210044,0.54676254284583314,0.015374847253885464
0.46843525093541877,0.17961508403807749,0.34754411836984833,0.0044055466566558033
0.64663543743175345,0.0,0.30351775026099265,0.049846812307253935
0.26308100558322683,0.050016651212610314,0.68329221411221575,0.0036101290919468617
0.31271871407188812,0.10464826612797845,0.5675794813194448,0.015053538480688652
0.33019606636507892,0.04638584462564737,0.61934646789412484,0.0040716211151489382
0.15286648938722369,0.041123452407903403,0.79386935655357371,0.012140701651299039
0.2917138080747661,0.0,0.69386815456291817,0.014418037362315965
0.25528942093895618,0.016625677981832693,0.71392529461832765,0.014159606460883436
0.16984866511452246,0.0,0.81518980488558113,0.014961529999896377
0.23228893597221151,0.058072233993052877,0.61433208597254407,0.095306744062191473
0.41248154642383256,0.021546729819413898,0.53717113620583889,0.02880058755091473
0.34687892059681813,0.1170790355822402,0.53188391225727283,0.0041581315636690895
0.30652469107523189,0.027352454982594133,0.65478057974376203,0.011342274198412106
0.48412526374165116,0.070688976218889907,0.43099046848994677,0.014195291549512197
0.25631293186700271,0.050389175318273395,0.68760938436203678,0.0056885084526873972
0.085169751755231435,0.045252040803447746,0.8448381105745596,0.024740096866761239
0.5683881661997654,0.066556989438266351,0.35992558742555808,0.0051292569364104826
0.36957937252038664,0.053210448379080351,0.56851777063583886,0.0086924084646938723
0.47462743769714177,0.12550806895857783,0.38768812666639652,0.012176366677883762
0.57946348319804608,0.14486587079951152,0.23901339315859954,0.03665725284384292
0.41415783697510733,0.015301307140848474,0.56427183477575238,0.0062690211082920893
0.4702134203510191,0.061534829572914694,0.45545282781388863,0.012798922262177733
0.10476195074073653,0.028275489234641567,0.85554432185526774,0.011418238169354384
0.46451941340663311,0.0,0.44194193651880981,0.093538650074557125
0.26239870513746144,0.039360853401736784,0.69196928672492297,0.0062711547358786585
0.27791303678283136,0.015810430165164237,0.70427350668670041,0.0020030263653040546
0.17326037582343035,0.03119418833468094,0.78204731888757262,0.013498116954316193
0.37891889038343579,0.068826994359346375,0.52513627646202732,0.02711783879519053
0.20417363287130103,0.075280700498291872,0.67747399101835704,0.043071675612050296
0.35575076624628849,0.10578942393841539,0.52303046232822592,0.015429347487070089
0.24192935818008532,0.044489380486251777,0.70818293716770386,0.0053983241659590012
0.44446084851768958,0.11064075210873946,0.43543800061878279,0.0094603987547879024
0.74741103851379409,0.0,0.13676315911451664,0.11582580237168925
0.25251990962803245,0.058462346405404264,0.66575024679114958,0.023267497175413557
0.71992431495854559,0.058646780127756253,0.20401258142748985,0.017416323486208325
0.28765549161527271,0.071262958406637933,0.63631539897619549,0.0047661510018936369
0.16901785008740036,0.04225446252185009,0.72084589916690789,0.067881788223841763
0.22245972001105535,0.055614930002763838,0.62721313156440561,0.094712218421775102
0.30379392890308687,0.052027116406195027,0.6406490184349386,0.0035299362557792285
0.3376698748278058,0.027541263544044448,0.61152684397728396,0.023262017650865621
0.15638969155349511,0.0048623494215867535,0.83117391545887798,0.0075740435660396786
0.65840993188034991,0.0,0.31374816288212976,0.027841905237520285
0.10300837620790185,0.013513076922584615,0.86869272613209847,0.014785820737415117
0.60396945067509888,0.07718745352463946,0.31527531719160662,0.0035677786086548481
0.2038452679973797,0.055924573081444183,0.6904683857457431,0.049761773175433073
0.22032445457324065,0.12391381184465124,0.64790917268913562,0.0078525608929724319
0.21198143915662379,0.043581644770752083,0.70662909829596754,0.037807817776656545
0.17515389447691707,0.10893182574204985,0.71347930917516811,0.0024349706058650299
0.29268584717221513,0.0,0.69920768980473524,0.0081064630230497352
0.16827517151111632,0.036284073363112831,0.78211246280607782,0.013328292319693092
0.25828708371621578,0.38743062557432356,0.34979830091025832,0.0044839897992025131
0.19203999348509188,0.024799476303376717,0.78053328966465985,0.0026272405468707035
0.03620887120556212,0.054313306808343176,0.85089519243218115,0.058582629553913537
0.41838005895369784,0.014850654464245428,0.55459877927763535,0.01217050730442123
0.33128638114968156,0.082821595287420391,0.57333311286322208,0.012558910699675982
0.25159037215381636,0.05231933993601369,0.69311413813230993,0.0029761497778597245
0.26346692750906198,0.03479702775160512,0.69919021225152089,0.0025458324878121865
0.12073162381051195,0.033066168262265223,0.84226776046948693,0.003934447457736228
0.24289958425017763,0.033146402739082925,0.70932834753743779,0.014625665473301757
0.34893558327555724,0.046669530889815791,0.58676758122137507,0.017627304613251796
0.47704628309604075,0.11921602281268859,0.38647801489951616,0.017259679191754671
0.18608974698768976,0.0071671291530166388,0.78805896177419865,0.018684162085094765
0.14053116194344314,0.052675246826010713,0.80422313083433428,0.0025704603962118998
0.63663607178112813,0.058101161361001713,0.30133142964450083,0.0039313372133687003
0.45477850504831163,0.072150742506068968,0.47022776417155543,0.0028429882740639602
0.32376596116785961,0.11766608502834737,0.52922843593044855,0.029339517873344458
0.25364464454402963,0.063411161136007407,0.62500935163387716,0.057934842686085813
0.33814427210426473,0.084536068026066183,0.52686550068417859,0.050454159185490489
0.18627353723955134,0.028100312265285851,0.77580564633709559,0.0098205041580673117
0.33942279073735671,0.07105278963983358,0.58408040288402785,0.0054440167387815961
0.3222210542407356,0.0,0.57655248694338457,0.10122645881587984
0.31044016440042416,0.0757962794665865,0.60063507783499392,0.013128478297995308
0.14323851464470794,0.035809628661176984,0.80192691990539222,0.019024936788722722
0.082839358317624581,0.12425903747643686,0.6750663233812586,0.11783528082468003
0.34986849705935219,0.079655797519801994,0.56234665032387243,0.0081290550969735503
0.37869170307902567,0.094672925769756416,0.47930121515386498,0.047334155997352891
0.22615639983709612,0.068738604000742928,0.69937233754833739,0.0057326586138235847
0.13862452581705104,0.042895182884470737,0.81237359884422566,0.0061066924542523262
0.37018102086865506,0.026009337551729204,0.57716883905976857,0.026640802519847163
0.25089705215601854,0.044616008244716468,0.66283587882365058,0.041651060775614195
0.45011495731084228,0.0,0.51102513706181374,0.03885990562734401
0.30325511626804563,0.046163497188534089,0.63957232664434083,0.011009059899079666
0.33878280541200878,0.11580194627681369,0.54040364578457833,0.0050116025265992507
0.31785161955788671,0.07254918563906905,0.60233823718066848,0.00726095762237577
0.43584749633734338,0.0,0.43237418024141511,0.13177832342124157
0.30152450664636515,0.12121621306993036,0.53864610048980122,0.038613179793903045
0.30921171373803791,0.07543208900885251,0.6125272499431621,0.0028289473099472407
0.41839361869303843,0.023520761414262209,0.5515479639494022,0.0065376559432971599
0.15804695551735809,0.039511738879339522,0.75517442821052205,0.047266877392780411
0.32578012476987012,0.043261214087938107,0.61409753702444259,0.016861124117749184
0.37362811700451559,0.0,0.60959982696709503,0.016772056028389441
0.15873379574193505,0.030819704284156365,0.80485495542416086,0.0055915445497481042
0.32645387902480366,0.0,0.61731390539223907,0.056232215582957358
0.45216430595636764,0.06333940972512303,0.48034257924999924,0.0041537050685102545
0.10990445271821896,0.018846663985367617,0.86526760184315921,0.0059812814532539628
0.24112443787596766,0.050718404285767772,0.68660071168410919,0.021556446154155702
0.67221869439374959,0.0,0.31169004370637093,0.016091261899879559
0.51477491673109577,0.048793427640391157,0.43229497163933484,0.0041366839891777704
0.41887385145857076,0.071671886891033876,0.50057450048479091,0.0088797611656044519
0.19651068761526821,0.075750691303157161,0.67362230194577499,0.054116319135799694
0.59830245281332373,0.0,0.37661616625454986,0.025081380932126529
0.15702520445183024,0.081210065366751988,0.73338434389002305,0.028380386291394877
0.20965656249069398,0.18766265722668565,0.57783799767868804,0.024842782603932259
0.25717503896430982,0.019144096936329746,0.71599136172749023,0.007689502371869974
0.36644091415290603,0.0,0.56128281582334738,0.072276270023746633
0.31014567327059178,0.077536418317647945,0.47892104580813333,0.13339686260362696
0.16596174809610922,0.0,0.70144087990859694,0.13259737199529387
0.1814032695319899,0.028419603032736433,0.78732457392622157,0.0028525535090518027
0.22880290830046973,0.057200727075117433,0.70381502582903632,0.010181338795376291
0.51077826094225265,0.0,0.4022697219226693,0.08695201713507808
0.32646102646030456,0.0553716869791697,0.61198547176115048,0.0061818147993752881
0.61543879436500015,0.085338514997488499,0.29631814317243321,0.0029045474650777644
0.33322154250759684,0.071057683977524058,0.58920254197122146,0.0065182315436577067
0.47479407684815028,0.017767971213985496,0.50526321684036712,0.0021747350974963666
0.37762301027728806,0.2126265664686405,0.37291566589590047,0.036834757358170905
0.16023599344306239,0.076237127644480027,0.75801990416282838,0.005506974749629359
0.43520905246569852,0.0,0.52866114945383758,0.036129798080463911
0.26534645187512851,0.066336612968782127,0.56455001746812017,0.10376691768796922
0.34526597771183321,0.046025859230330597,0.59184926947235605,0.016858893585480109
0.28481045945726663,0.10968524917508557,0.58501304400209175,0.02049124736555584
0.14450300800339927,0.026171751920992734,0.80727312442119037,0.022052115654417673
0.14640603478826755,0.048421673863373788,0.7975946553227119,0.007577636025646972
0.38225223254996143,0.0,0.51208113329157467,0.10566663415846383
0.22196070845651841,0.060149481175784544,0.70402620426731943,0.013863606100377599
0.43443851513372489,0.022389181026012235,0.51991354015562186,0.023258763684641179
0.19636540564299024,0.027875303182466837,0.77179120956118952,0.0039680816133536908
0.20615115734405975,0.039592394308852238,0.69493820382130134,0.059318244525786691
0.40673731110967787,0.221317132491716,0.35210992363963528,0.019835632758970729
0.55186213539458751,0.063310026772891631,0.33494980972380023,0.049878028108720739
0.14001431538337167,0.21002147307505753,0.63647730338204289,0.01348690815952795
0.096167794734165285,0.14425169210124791,0.66351370572599466,0.096066807438592208
0.31981263657884768,0.052821110091972469,0.61994904831166842,0.0074172050175114208
0.13711701497689399,0.043875368881711445,0.81787074102621637,0.0011368751151776908
0.30895556195234181,0.01551812044238161,0.67060211212767229,0.004924205477604326
0.29433929137026599,0.049910869348338376,0.65130741918608637,0.004442420095309524
0.27702344374031496,0.043443587985511248,0.67682640677101547,0.0027065615031581841
0.13169440042474304,0.023373879680831332,0.84045640687193768,0.0044753130224878639
0.36583181951972932,0.0,0.54830291040471124,0.085865270075559497
0.31959600731326682,0.079899001828316704,0.49325779717944052,0.10724719367897594
0.10662870877908445,0.15994306316862664,0.73195410115240489,0.001474126899883613
0.21195729539733599,0.041593219719774401,0.71267495696207117,0.033774527920818503
0.28656043721941216,0.053219300449154711,0.65738260614684296,0.0028376561845902021
0.14718684951420921,0.036796712378552303,0.76614916603569938,0.049867272071539105
0.19689781909323978,0.087483186973607407,0.7137976340896528,0.0018213598434994969
0.24253080260544721,0.082694101282613328,0.64435479221691006,0.030420303895029414
0.32140111906005986,0.2142674127067066,0.40635821155589752,0.057973256677336132
0.46547585443025757,0.0,0.50097406235907749,0.033550083210664945
0.23196604398143894,0.076768509294645043,0.6668665659217845,0.024398880802131515
0.1024613891879451,0.041548459969039164,0.84820180207565121,0.0077883487673644815
0.24177871972333312,0.0,0.707605926700276,0.050615353576391048
0.46102684784146997,0.047659193180592342,0.46031341700418787,0.031000541973749764
0.20427615808631433,0.051069039521578583,0.66038213736158025,0.084272665030526772
0.20289043793093819,0.0,0.66921483514629354,0.12789472692276824
0.23019209688983328,0.016936567462938451,0.74186445542258372,0.011006880224644416
0.23410769554080973,0.046331913764047855,0.69822386776670597,0.021336522928436193
0.16408240525583734,0.041020601313959335,0.77152720831212018,0.023369785118083276
0.33762037095524716,0.02734760070865596,0.58425038720668654,0.050781641129410471
0.15374258198439431,0.038435645496098576,0.69695943658168946,0.11086233593781769
0.33740106008271292,0.065278059245646267,0.59541698269425547,0.0019038979773853821
0.3003112724127085,0.054063830120981655,0.59389378234263535,0.051731115123674537
0.22534362292336271,0.056335905730840678,0.63913107221839327,0.079189399127403318
0.26472334190783081,0.03115292857983349,0.68197365743617899,0.022150072076156876
0.37598489471730323,0.029726977701933999,0.53303845257684457,0.06124967500391832
0.4610127751755197,0.041411031043773111,0.48972913689172221,0.0078470568889853747
0.21933877675787045,0.017929856831742107,0.745024299073203,0.017707067337184461
0.28801736623544716,0.079192494796819501,0.62429653538244134,0.0084936035852920533
0.19161762363554366,0.07836524608081967,0.67753804698466491,0.05247908329897185
0.17850613183888972,0.029130916398923897,0.7782864442729065,0.014076507489280018
0.35379762819313293,0.013493717471717371,0.62223458530109876,0.010474069034051006
0.26995394014848778,0.035258163860569562,0.66472296400514708,0.030064931985795667
0.18172121190741811,0.074901366855535639,0.74017177414261581,0.0032056470944303909
0.18958504898835835,0.088442791749320376,0.71470350468194244,0.0072686545803789214
0.29686359399441553,0.10914246290031242,0.5874126455460158,0.0065812975592562765
0.27483240265083908,0.0,0.62221993730563518,0.10294766004352569
0.17401123744236319,0.024211749039276149,0.7728469833215651,0.028930030196795447
0.23774351380369704,0.052344280326267763,0.70660415020225198,0.0033080556677832404
0.26262056404791162,0.068299428694235317,0.66332863327754765,0.0057513739803055674
0.39524710186939987,0.0,0.56152049670574589,0.043232401424854079
0.22925931219741535,0.12518643062278684,0.6272789966198894,0.018275260559908357
0.23705568367113897,0.03102629423169034,0.72906259171243171,0.0028554303847387981
0.22650840539323017,0.091325748578329424,0.63927124022815762,0.042894605800282863
0.56232058202262247,0.0,0.42563040659551349,0.012049011381864032
0.23069090422863053,0.0,0.75740154774495794,0.011907548026411753
0.18441691206353872,0.016946570025055049,0.79052361177143093,0.0081129061399745368
0.28479103698709246,0.049841176557877571,0.65102229755105301,0.014345488903976982
0.13623349017985775,0.042012522264765699,0.80556299066629533,0.01619099688908144
0.31362632471635055,0.0,0.61306174134213764,0.073311933941511823
0.24467014662592834,0.08505760257379516,0.65723104183955583,0.013041208960720491
0.17149936778426794,0.035214525506264499,0.7787017203514438,0.014584386358023775
0.18192138591115997,0.014527074332865266,0.7886883096685755,0.014863230087399067
0.20086008565237909,0.044006519483384014,0.73423186846757016,0.020901526396666762
0.22617992093044775,0.032596866865021654,0.73461098133282676,0.0066122308717035116
0.26361796768448992,0.065904491921122479,0.61835934563713713,0.052118194757250554
0.71400391523267304,0.0,0.18998191044661017,0.096014174320716794
0.31992374907912968,0.0,0.59988097090988923,0.080195280010981071
0.15507596252622255,0.016597225408617296,0.82315885254488042,0.0051679595202799742
0.26915546673471202,0.0,0.67542668269979034,0.055417850565497688
0.1291024948303133,0.025430288186524506,0.84049985410351524,0.0049673628796471367
0.16670871533902692,0.033009561979587862,0.79711565366341597,0.0031660690179688236
0.31983746107567257,0.033910830624834604,0.58529450899030611,0.060957199309186819
0.40245199883191851,0.13809474407328018,0.42252285259073058,0.036930404504070612
0.15012063063325037,0.052819000801564077,0.78997386123573743,0.0070865073294479565
0.17538194928905307,0.01815533471286461,0.79710139800483926,0.0093613179932430703
0.35393889758944025,0.018887861156449585,0.59391379877608985,0.033259442478020401
0.28362651268779798,0.05719985920601825,0.64053692944627638,0.01863669865990724
0.28339097490526477,0.021451055353004816,0.6859773797765939,0.0091805899651369767
0.3728187958586654,0.14439957953478669,0.45742239422321035,0.025359230383337646
0.57911083927110607,0.1149044389948141,0.2988365986842425,0.0071481230498375379
0.13130658134288201,0.087537720895254675,0.71149710998985871,0.069658587772004621
0.17407323434236663,0.059821908770175035,0.74788123848731636,0.018223618400141934
0.41850097623840155,0.0,0.53376698452050031,0.047732039241098013
0.30626661867127525,0.061228487823007473,0.62543101633601594,0.0070738771697012705
0.36703721019419855,0.091759302548549637,0.46494678509880094,0.076256702158450831
0.44861839949207893,0.056676290776670135,0.43853501441664705,0.056170295314604053
0.34209116213808871,0.0,0.63190457703468628,0.026004260827225074
0.31991611491189076,0.077448355827340928,0.59923706954086009,0.003398459719907738
0.51863527498685369,0.02259409402528903,0.44597266676323655,0.012797964224620739
0.27178644441086924,0.066364999655957449,0.65919297538735466,0.0026555805458193353
0.083972568249539498,0.020993142062384874,0.8856033122246928,0.0094309774633827281
0.49319921546401718,0.0066381304974268756,0.48922741422951521,0.010935239809040679
0.24235704331573868,0.0069136886651488113,0.73580134863970048,0.014927919379412064
0.18339594563405212,0.018435196831363333,0.79703887437088194,0.0011299831637019396
0.19964481695300115,0.062112177096011051,0.69749105047990045,0.040751955471087467
0.15441763392934221,0.075159478870065549,0.73627065126760316,0.034152235932989043
0.11773538803933736,0.029433847009834341,0.7361841581952826,0.11664660675554575
0.19273914774376491,0.026608038101884196,0.76558632782362857,0.015066486330722433
0.25393910279614795,0.052069918075535016,0.68291442135610625,0.011076557772210579
0.18607637146435671,0.035753413463390241,0.77276561133987576,0.0054046037323769742
0.11077521689869713,0.024928607407885054,0.85640876026079504,0.0078874154326228022
0.1432815379152145,0.095521025276809668,0.66365764700995022,0.097539789798025744
0.15890305109043204,0.03972576277260801,0.69761931384914733,0.10375187228781264
0.34381279332746401,0.02015429660510237,0.62881622493909539,0.0072166851283381643
0.10898427432128809,0.034035907615307497,0.85383779031248819,0.0031420277509159899
0.48784413424280221,0.0,0.4414519427172468,0.07070392303995103
0.41728513156799452,0.036044708474085752,0.53534568447830877,0.011324475479611346
0.21792492581345618,0.050897630351133698,0.70766519161899322,0.023512252216417107
0.25892047184741346,0.097745873743449577,0.63112413635816245,0.012209518050974455
0.29425377502216127,0.0,0.6506388779307547,0.055107347047083949
0.44001643910079846,0.030695637849162398,0.52332301494230971,0.005964908107729666
0.1941914473431684,0.037848856112465731,0.74946281720456764,0.018496879339798288
0.15930007074162839,0.026578893368042429,0.80345659617278264,0.010664439717546522
0.35143677529640327,0.0,0.59354350611556905,0.055019718588027712
0.10824834008061025,0.033518158809718611,0.8507625901987621,0.0074709109109091735
0.29994598957962465,0.073245913514114205,0.6139683880945056,0.01283970881175539
0.26729357607090859,0.038117039583611893,0.63231639399970863,0.062272990345770836
0.17769962569574205,0.0,0.74147277802876133,0.080827596275496613
0.62349101221558123,0.0,0.34147816439030243,0.035030823394116256
0.2004072434406623,0.050101810860165574,0.67734422407866357,0.07214672162050853
0.27239978805106857,0.043523086215253873,0.66110976143120503,0.022967364302472516
0.44297107433980859,0.040118293042046914,0.48706876519143566,0.029841867426708992
0.36801875921180605,0.0,0.58451694607530469,0.047464294712889377
0.30980066314130483,0.0,0.61756168488081065,0.072637651977884549
0.2988211580618334,0.043505585670884472,0.64321167792346579,0.014461578343816351
0.10403505912378552,0.026008764780946381,0.81534817369147727,0.054608002403790858
0.28037925772123773,0.070094814430309432,0.59826424822479096,0.051261679623661738
0.2136019838771335,0.024490260223840501,0.7475358224283104,0.014371933470715482
0.42472803206481485,0.045768646038918857,0.48672382750093557,0.042779494395330658
0.38014016029314557,0.095035040073286392,0.39276955525773055,0.13205524437583743
0.19577038247692438,0.014845619978571742,0.77603836193259923,0.01334563561190466
0.33867124300929968,0.0,0.6037299979523163,0.057598759038383927
0.26377910208561733,0.055887426740955461,0.6760118696241908,0.0043216015492360121
0.38872762547160034,0.03422420111655694,0.5463423602969526,0.030705813114890207
0.072369964956694302,0.030000120391115728,0.88470597797904671,0.012923936673143288
0.23725067211140968,0.059312668027852421,0.5607638423632495,0.14267281749748842
0.44819931011055392,0.090560753142367181,0.45946950390009222,0.0017704328469862699
0.23964730478542212,0.042280304373150265,0.70300732206344407,0.015065068777983573
0.19932747098552758,0.026221894249373181,0.76422029008281622,0.010230344682283029
0.1872053519462242,0.041950871151255995,0.75203250779773889,0.018811269104780946
0.34008335609194601,0.10651858070020807,0.53828892936737449,0.015109133840471443
0.18867628265450628,0.077231391450509043,0.70928400011800574,0.024808325776978994
0.2544997174999552,0.067306651899387879,0.66082975504921404,0.017363875551443007
0.1829053615689849,0.032195670484884031,0.77983993252766759,0.0050590354184638173
0.15009592143395259,0.22514388215092895,0.62328771019483342,0.0014724862202852617
0.36196655671744887,0.0,0.61343632320996122,0.02459712007258974
0.27892082772315097,0.069730206930787741,0.59222653367121258,0.059122431674848812
0.25375925471859739,0.067316892738863626,0.64943255421050161,0.029491298332037355
0.22691636070384702,0.0,0.72471963815773988,0.048364001138412924
0.23418903525766396,0.041221855663884893,0.71478162001118017,0.0098074890672711357
0.46050593815988855,0.068843830757116753,0.46478288852788846,0.0058673425551064714
0.19376702453970826,0.039023348470175544,0.76451245976047799,0.0026971672296382475
0.18367806958172864,0.020924536764333604,0.78835157073255357,0.0070458229213843379
0.48826671486618911,0.029934027410242352,0.47527463805792303,0.0065246196656455306
0.3620418203879357,0.087326286716289239,0.54185452641838228,0.0087773664773928197
0.39965203409311251,0.081246512083824662,0.50832966980561978,0.010771784017442994
0.11216021224500469,0.041626500316399959,0.82529236655620986,0.020920920882385566
0.15205165852230768,0.056126405203813894,0.77936797631884958,0.012453959955028748
0.28608241327581252,0.19072160885054171,0.445510234605135,0.077685743268510798
0.17627152459685472,0.021954592769389679,0.80058928691821207,0.0011845957155428076
0.37855062120892785,0.0,0.60113268931798447,0.020316689473087714
0.18599569019027667,0.08217578012543883,0.72205579789555485,0.0097727317887292189
0.40227085470311441,0.0,0.55625829761877654,0.041470847678108963
0.39898725075308988,0.12711310294357769,0.46884898592302154,0.0050506603803106183
0.073047596841988915,0.018261899210497229,0.83136948839190039,0.077321015555613451
0.24088308406496192,0.076274705086985722,0.65937423687207275,0.023467973975979401
0.24743434294280731,0.043006680921002363,0.69474764105722286,0.014811335078967369
0.32396259512491826,0.086622835714212601,0.57828142692445317,0.011133142236416132
0.17059648034865341,0.018481580132371868,0.79817532118558621,0.012746618333388785
0.16543884176001622,0.026735704162067612,0.80052135005646197,0.0073041040214544229
0.28751961748032095,0.049344834865323678,0.65961449208826461,0.003521055566090692
0.23227820461675711,0.15485213641117143,0.5452839084153891,0.067585750556682395
0.32751470515695386,0.081878676289238464,0.58061043694606307,0.0099961816077444674
0.25250560767754149,0.047773380353029277,0.69097876514704581,0.0087422468223834222
0.39805235972999209,0.054861777955812902,0.54117158806579491,0.0059142742484000121
0.55081806241527653,0.092298294526890756,0.35221481249259767,0.0046688305652347415
0.221025575590831,0.055256393897707749,0.61976994032160859,0.10394809018985257
0.26615261847655092,0.066538154619137729,0.59344182970754999,0.073867397196761372
0.18038448016089423,0.12025632010726285,0.58364492118354638,0.11571427854829652
0.30554937253658765,0.00061335363956678752,0.68140903169128231,0.012428242132563239
0.62994707452044973,0.098445794411053347,0.26967613887227654,0.0019309921962205815
0.6805243987236429,0.033816361629626965,0.2781642173272682,0.0074950223194618993
0.28492081958633159,0.058787668221511068,0.64882135490127701,0.0074701572908805296
0.35318589277289597,0.071028886738165486,0.56914752000152991,0.0066377004874080643
0.3071469341092164,0.017930259279960017,0.64023042301492716,0.03469238359589643
0.45872867159530573,0.032086886238475415,0.49466395557193793,0.014520486594281201
0.18306601988226329,0.049302637651382208,0.76257544847508707,0.0050558939912679797
0.37375469780141435,0.073262739586153258,0.54970550613133062,0.0032770564811020176
0.14737892110355352,0.060217935072109312,0.78821460933087351,0.0041885344934634843
0.31513313168478896,0.037971605506849408,0.62688088197673741,0.020014380831624195
0.34578694166289459,0.043079872722375012,0.54085690538884645,0.070276280225883836
0.34097805468319409,0.085244513670798522,0.52861695280665866,0.045160478839348685
0.15533167113667426,0.026876070885226828,0.81132879487021714,0.0064634631078820002
0.34643713934096182,0.031095575958328184,0.61633149010039168,0.0061357946003181849
0.29528579057386145,0.076521488359535414,0.60815468981561205,0.020038031250991007
0.14787774298760148,0.041579637490500011,0.80598453160823091,0.0045580879136675953
0.18806553260815295,0.19540761582635688,0.61208044974487597,0.0044464018206144904
0.29829821000423284,0.019681571190184276,0.67368282523544321,0.0083373935701396597
0.40580548510949244,0.037096609937019624,0.48380371594232763,0.073294189011160235
0.36324109866071935,0.04572922414024904,0.58616622809161067,0.0048634491074210067
0.44489784167922047,0.13687575715856223,0.40063342607020852,0.017592975092008776
0.14945547572079193,0.043741637872095687,0.80214700087990598,0.0046558855272062025
0.28653253054015182,0.19102168702676792,0.40459115114711564,0.11785463128596466
0.24027965543143753,0.016047799996609564,0.73274800261204387,0.010924541959909141
0.23725488643296125,0.078226155281723914,0.65942405447008035,0.025094903815234604
0.11937488548818669,0.079583256992124457,0.67127176438655844,0.12977009313313048
0.20401079126261351,0.080404075525011456,0.7020802553667671,0.013504877845607848
0.26959027677713421,0.07031017318444191,0.65378565871851047,0.0063138913199133496
0.34962832954478429,0.059635014587131864,0.57641910241960359,0.01431755344848035
0.16073946252687291,0.043757509066008747,0.79216794734324536,0.0033350810638729917
0.14995196591797536,0.055135883457206984,0.74376967320517229,0.051142477419645366
0.33783438351186701,0.038216912875465643,0.60280406302092981,0.021144640591737512
0.37498216253126959,0.11686923096202433,0.50305417661691043,0.0050944298897958847
0.36694600007477712,0.07795054161257009,0.54336979065734026,0.011733667655312609
0.25768132672794125,0.093989914475068062,0.62774371661932027,0.020585042177670564
0.33365576402506975,0.083413941006267436,0.52980772533778675,0.053122569630876137
0.31232001728923159,0.039861856283715191,0.59751400574369185,0.050304120683361417
0.20762719570639923,0.02153073406390325,0.74490721720805064,0.02593485302164672
0.14312307626341675,0.2146846143951251,0.53098607270624787,0.11120623663521026
0.15946075811224603,0.018758489621415735,0.80284746682004382,0.018933285446294596
0.061830654859114556,0.0097093690454251001,0.907993520990523,0.020466455104937293
0.33166264125751915,0.082915660314379788,0.51770537465574828,0.067716323772352663
0.17912868180708744,0.022295213789276735,0.77166713017964272,0.026908974223993087
0.23828776997165674,0.093490612905860762,0.65810213383639371,0.010119483286088865
0.19077542015893773,0.031497868844928591,0.77351628093329183,0.0042104300628416982
0.13681067282246956,0.059807445878424945,0.75497817994002847,0.048403701359077199
0.085595022112502028,0.021398755528125507,0.75395811453881934,0.1390481078205531
0.36916012357851208,0.0,0.60097734002471481,0.029862536396772683
0.079801695090233937,0.053201130060155963,0.73861090497361759,0.12838626987599255
0.29880171793042221,0.059391187007998641,0.62038608319640798,0.021421011865171303
0.23009920609265283,0.057524801523163208,0.66426700938179717,0.048108983002386821
0.31103134452468945,0.030340054116207778,0.65495803677883535,0.0036705645802672989
0.11521767754476758,0.037391666974241497,0.83524654843878265,0.012144107042208165
0.39492048566189836,0.081164303398377449,0.5201219096682802,0.0037933012714437609
0.23024998203149197,0.12685396241524097,0.63167564262830245,0.011220412924964552
0.28000468248483223,0.080401432326596342,0.63532956484796765,0.0042643203406038822
0.28940791904191748,0.044026648202099498,0.64925229793555428,0.017313134820428896
0.36527585370030052,0.014631832507487865,0.61680033290949166,0.0032919808827203503
0.35523889886583959,0.079532727367192357,0.56228394501679246,0.002944428750175873
0.49316672739040651,0.066227599207687102,0.42061375395184952,0.019991919450056857
0.24174536288151791,0.050437372504315188,0.70483703817293397,0.0029802264412329038
0.14322624988990093,0.0,0.76538142157489986,0.091392328535199158
0.30286842466291797,0.0,0.66992282095627798,0.027208754380803793
0.39097983402811337,0.078450317412118886,0.52473052865009318,0.0058393199096747504
0.30564933600456717,0.076412334001141793,0.46568476354366728,0.15225356645062385
0.29739961345225463,0.061336962826218804,0.63862159312040434,0.0026418306011217149
0.23686068722261605,0.057692514977236917,0.67607718325724953,0.029369614542897545
0.28894913303333447,0.05954659521387063,0.64876620380955841,0.0027380679432365148
0.22335811475909564,0.0165704719613224,0.74763979035606443,0.012431622923517401
0.28419298586058345,0.071048246465145862,0.55448829231196672,0.090270475362304023
0.30529044364501573,0.0,0.67254442907181877,0.022165127283165453
0.15947507974797903,0.017724226697905458,0.80666056415864207,0.016140129395473473
0.6121688782244723,0.0,0.36520225753437485,0.022628864241152798
0.23173391768737295,0.079354532965167535,0.67000686018206856,0.018904689165390912
