0.65771584637477754,0.1315246049004811,0.18358743970233304,0.027172109022408183
0.46030082799660249,0.1606725351136862,0.36229641628649395,0.016730220603217237
0.5454775754662825,0.36365171697752169,0.0,0.090870707556195918
0.66241205338868792,0.099913801671004665,0.22271009529840721,0.014964049641900097
0.53130817135291186,0.16342052818083763,0.25403822451452329,0.051233075951727221
0.7353948510507361,0.18384871276268402,0.0,0.080756436186579933
0.89211517500937121,0.0,0.0,0.10788482499062882
0.31118436244536757,0.46677654366805132,0.18709520488232118,0.034943889004259911
0.62608848253043459,0.15652212063260865,0.19927411529484348,0.018115281542113358
0.67485264547582735,0.16871316136895684,0.11969655344819366,0.036737639707022166
0.43673715599908186,0.40649334417933869,0.14605415201434158,0.010715347807237572
0.35902870853465463,0.53854306280198194,0.0,0.10242822866336343
0.41483256999385332,0.27655504666256897,0.25403802804961351,0.054574355293964184
0.96163915355850327,0.0,0.0,0.038360846441496711
0.5491561036385707,0.36610406909238052,0.0,0.08473982726904869
0.64583842428508087,0.16145960607127022,0.12338183287873984,0.069320136764908905
0.54529846641829849,0.36353231094553234,0.0,0.091169222636169223
0.610665989292136,0.10635527326089307,0.26774434708755046,0.015234390359420633
0.46770095764369485,0.20717148928418547,0.28085423296360751,0.044273320108512045
0.36660288364948912,0.54990432547423362,0.0,0.08349279087627727
0.35678962472523568,0.53518443708785346,0.0,0.10802593818691092
0.55135739399893691,0.36757159599929135,0.0,0.081071010001771734
0.73091416000347942,0.072363714699328521,0.15642339438793376,0.040298730909258278
0.6236337159823947,0.22078412135256151,0.11276874797249398,0.04281341469254988
0.36046901358048655,0.54070352037072977,0.0,0.098827466048783646
0.56085561491931657,0.3739037432795444,0.0,0.065240641801139129
0.77488679619414835,0.12808363224902661,0.049922280716353178,0.047107290840472049
0.69982287066197668,0.17495571766549417,0.0,0.12522141167252918
0.4591487253842913,0.069893667751474348,0.46322953107113618,0.0077280757930981159
0.71629972278289067,0.17907493069572267,0.066056853421855369,0.038568493099531288
0.73597511952263872,0.18399377988065968,0.0,0.080031100596701751
0.60121411290897298,0.15030352822724324,0.21472766609799282,0.033754692765791211
0.34376396174025053,0.51564594261037577,0.0,0.14059009564937369
0.35029243970781099,0.52543865956171643,0.0,0.12426890073047259
0.74162298703633545,0.18540574675908386,0.0,0.072971266204580679
0.6320205614426222,0.15800514036065555,0.17826293951590796,0.031711358680814344
0.6808133568955308,0.1702033392238827,0.0,0.1489833038805865
0.72286579933481498,0.098492766328778056,0.12910128650825223,0.049540147828154829
0.60782343179746168,0.15195585794936542,0.21566130773057685,0.024559402522596165
0.61700182495043099,0.15425045623760775,0.20303186449685784,0.025715854315103488
0.72123722121317235,0.18030930530329309,0.0,0.098453473483534573
0.34919515428311521,0.52379273142467275,0.0,0.12701211429221199
0.72524608720560357,0.18131152180140089,0.0,0.093442390992995533
0.48546449445107076,0.20114835972405123,0.27780416019858456,0.035582985626293452
0.29066866027771565,0.43600299041657342,0.25065992211786858,0.02266842718784224
0.72638564679949225,0.18159641169987306,0.0,0.092017941500634748
0.61538271952354384,0.15384567988088596,0.21309829756770049,0.017673303027869788
0.68288766213971508,0.10745324130063529,0.1874451189504775,0.022213977609172229
0.72599158529119068,0.18149789632279767,0.0,0.092510518386011792
0.72803553719949476,0.057335017774918368,0.18656473032855386,0.028064714697032797
0.7251373053839355,0.11176120133918946,0.10351175366373418,0.059589739613140805
0.5231529971864779,0.34876866479098528,0.0,0.1280783380225369
0.74283212133299714,0.18570803033324929,0.0,0.071459848333753642
0.39357542807444712,0.39318272138150212,0.15706388453021983,0.056177966013830946
0.62948039584455651,0.15737009896113913,0.1690546200892861,0.044094885105018293
0.70967225629183861,0.17741806407295965,0.0,0.11290967963520188
0.56431101251205895,0.37620734167470604,0.0,0.059481645813235055
0.5465018042091101,0.36433453613940675,0.0,0.089163659651483207
0.55809023180922168,0.24122147986829368,0.13757369464342825,0.06311459367905628
0.36270212679882985,0.54405319019824472,0.0,0.093244683002925474
0.6979060405242048,0.1744765101310512,0.0,0.12761744934474403
0.37283980568114838,0.55925970852172247,0.0,0.067900485797129151
0.35128831917120062,0.52693247875680083,0.0,0.12177920207199851
0.61487176150386835,0.15371794037596709,0.19677761467819901,0.034632683441965594
0.70071621441540188,0.17517905360385047,0.0,0.12410473198074763
0.6966935937788703,0.17417339844471758,0.0,0.12913300777641221
0.53197395211745335,0.35464930141163564,0.0,0.11337674647091096
0.5821197951406466,0.21756327692223953,0.16867051763813101,0.031646410298982762
0.85341200584733035,0.040333603849567329,0.069807905014831084,0.036446485288271158
0.8295487823624843,0.0,0.11820807279945958,0.052243144838056255
0.53230822847560499,0.083687735620764495,0.36522103235597925,0.018783003547651059
0.71425233269720489,0.067511656208838505,0.19393565160715287,0.024300359486803601
0.57721186702332006,0.15827985088417698,0.23697496102532051,0.02753332106718253
0.60599489615477808,0.15149872403869452,0.20168945973107844,0.040816920075449251
0.52931456022812184,0.35287637348541456,0.0,0.11780906628646355
0.68800779575104265,0.19338269594413812,0.10205623405515662,0.016553274249662783
0.89697250691175945,0.0,0.087877793006000016,0.015149700082240666
0.69866070459421792,0.17466517614855448,0.0,0.12667411925722769
0.58286418145313101,0.18374083353306547,0.22137529411092088,0.012019690902882756
0.5693123434558609,0.10655353198588706,0.30578600485078605,0.018348119707466193
0.53492728574350268,0.35661819049566845,0.0,0.10845452376082887
0.71691363471879122,0.1792284086796978,0.0,0.10385795660151108
0.7466889836777274,0.18667224591943185,0.0,0.06663877040284083
0.70758725737853079,0.1768968143446327,0.0,0.11551592827683653
0.79009489135118638,0.084750429594951909,0.065399142236633331,0.059755536817228366
0.64142882557724867,0.11434908534024513,0.23493834154721874,0.0092837475352872383
0.59036007991825923,0.18623427545926544,0.2011772016238548,0.022228442998620358
0.55613794094680236,0.37075862729786829,0.0,0.073103431755329268
0.50165309965661742,0.14840758169567508,0.31940167184326712,0.030537646804440294
0.71228850618786677,0.17807212654696669,0.0,0.10963936726516668
0.40429444593314673,0.26952963062209778,0.28592503610951919,0.040250887335236372
0.91245793534596342,0.0,0.0,0.087542064654036619
0.77430351576142353,0.058600563431763952,0.15759412290677557,0.0095017979000364614
0.63572691557267946,0.15893172889316987,0.17011209223590895,0.035229263298241748
0.72022016716192239,0.1800550417904806,0.0,0.099724791047597031
0.36466122775329185,0.54699184162993775,0.0,0.0883469306167705
0.36215682046857428,0.54323523070286139,0.0,0.094607948828564381
0.54062256795880215,0.36041504530586815,0.0,0.098962386735329602
0.49440691274168225,0.25619988556044554,0.19104154488851979,0.058351656809352406
0.5250761473312533,0.35005076488750225,0.0,0.1248730877812444
0.56564085883449333,0.37709390588966224,0.0,0.057265235275844442
0.55124360251391236,0.36749573500927496,0.0,0.081260662476812573
0.69990904910068696,0.1310713150228783,0.13881647035871242,0.030203165517722595
0.71220145847756411,0.17805036461939103,0.0,0.10974817690304491
0.47162166703579289,0.20886310712934164,0.28611802545908205,0.033397200375783399
0.57498229425498681,0.24715167548704894,0.12558943606755102,0.052276594190413202
0.86968967981179202,0.031241383521217338,0.081930426614582316,0.017138510052408309
0.36928566780380795,0.32098361161221139,0.28869317138840245,0.021037549195578167
0.5166190176361618,0.34441267842410794,0.0,0.13896830393973023
0.71217212753772585,0.045408312908759796,0.21677475436030758,0.025644805193206707
0.54408642767154625,0.36272428511436416,0.0,0.093189287214089575
0.52382808493682398,0.34921872329121606,0.0,0.12695319177196002
0.94167547009062325,0.0,0.021567678002192642,0.036756851907184279
0.56368741629268238,0.37579161086178831,0.0,0.060520972845529292
0.56507670921373343,0.37671780614248901,0.0,0.058205484643777554
0.32300900927615794,0.28064188925835881,0.34755777810894295,0.048791323356540316
0.39311642840750471,0.16181158999571379,0.41271935100553492,0.032352630591246635
0.37105528281981098,0.34710744504710866,0.25699678495496808,0.024840487178112283
0.86405439016270036,0.0,0.0,0.13594560983729961
0.74368233413340623,0.18592058353335156,0.0,0.070397082333242225
0.72304410404423114,0.039810744940827196,0.22510674333177136,0.012038407683170447
0.69353230282186851,0.17338307570546713,0.0,0.13308462147266442
0.66101278447443423,0.16669931416160416,0.14271440464621252,0.029573496717749115
0.70857213630304827,0.17714303407576207,0.0,0.11428482962118972
0.54461849125286244,0.36307899416857498,0.0,0.092302514578562658
0.53928609577931075,0.35952406385287383,0.0,0.10118984036781538
0.54628869542237513,0.36419246361491675,0.0,0.089518840962708068
0.44784830365001194,0.28132731401983246,0.22146482080838367,0.049359561521771962
0.7416576016098404,0.1854144004024601,0.0,0.072927997987699611
0.72255925105769914,0.18063981276442478,0.0,0.096800936177876051
0.71546611599185972,0.17886652899796493,0.0,0.10566735501017543
0.47994103599500609,0.23414300077221728,0.224694980661444,0.061220982571332766
0.53314131356117711,0.35542754237411811,0.0,0.11143114406470474
0.51131251684779699,0.3408750112318647,0.0,0.14781247192033828
0.74497540737112267,0.18624385184278067,0.0,0.068780740786096695
0.67596242660509565,0.16899060665127391,0.0,0.15504696674363047
0.48808859563533047,0.28868035766027944,0.18260902807389587,0.040622018630494201
0.89777989546548898,0.0,0.0,0.10222010453451105
0.92323116055042587,0.0,0.0,0.076768839449574175
0.35514668315470876,0.53272002473206315,0.0,0.11213329211322809
0.55870310074142038,0.37246873382761364,0.0,0.068828165430965912
0.64302868083320108,0.16075717020830027,0.15578109584278338,0.04043305311571526
0.35749514648696396,0.5362427197304459,0.0,0.10626213378259015
0.35081649521376174,0.52622474282064258,0.0,0.12295876196559577
0.74048614898500276,0.18512153724625069,0.0,0.074392313768746582
0.58108822451095832,0.23776694903170056,0.13896759450240387,0.042177231954937305
0.75595313541717934,0.0,0.22831220640696698,0.015734658175853688
0.72352153820200316,0.095892347992170335,0.12872613631973329,0.051859977486093237
0.33186117616419852,0.49779176424629773,0.099923887322037025,0.070423172267466583
0.35050798514122194,0.52576197771183286,0.0,0.12373003714694515
0.71204857071899641,0.1780121426797491,0.0,0.10993928660125446
0.35280281301876071,0.52920421952814101,0.0,0.11799296745309824
0.54651862675000873,0.3643457511666725,0.0,0.08913562208331878
0.64355125990825901,0.16088781497706475,0.13005849484722451,0.065502430267451742
0.56137533210721902,0.37425022140481273,0.0,0.064374446487968237
0.86153569908896177,0.0,0.0,0.1384643009110382
0.57370508404928389,0.38247005603285594,0.0,0.043824859917860205
0.5678571902802636,0.3785714601868424,0.0,0.053571349532894025
0.72238894113605734,0.0,0.23019706456940067,0.047413994294542031
0.52424415842307914,0.34949610561538613,0.0,0.12625973596153475
0.68669252923376134,0.17167313230844033,0.0,0.14163433845779835
0.71340402856241669,0.17835100714060417,0.0,0.10824496429697915
0.58074550590751617,0.2131703979623476,0.19637089478727432,0.0097132013428616534
0.88738087537955246,0.0,0.077879653455140627,0.034739471165307047
0.52122513444285479,0.34748342296190321,0.0,0.13129144259524203
0.85826955397977323,0.0,0.0,0.14173044602022675
0.51133298420362472,0.34088865613574987,0.0,0.14777835966062536
0.69848592319514491,0.17462148079878623,0.0,0.12689259600606898
0.74957869966896673,0.095832714193528207,0.14892063078533574,0.0056679553521692067
0.53033954191776533,0.35355969461184356,0.0,0.1161007634703911
0.68789264870722455,0.17197316217680614,0.0,0.14013418911596928
0.71902129948686611,0.17975532487171653,0.0,0.10122337564141751
0.57680494256694637,0.13033172280116193,0.2851877970333192,0.0076755375985724716
0.68041739083644937,0.17010434770911234,0.099717914857804776,0.049760346596633601
0.53537196922984631,0.35691464615323093,0.0,0.10771338461692265
0.58249082849142508,0.14562270712285627,0.22475631392944917,0.047130150456269566
0.48247478453738446,0.21175840826193926,0.2667788300787779,0.038987977121898394
0.36622024963235905,0.54933037444853849,0.0,0.084449375919102426
0.72927151485691144,0.18231787871422786,0.0,0.088410606428860797
0.55138337397985482,0.26627239553401916,0.13923635301335124,0.043107877472774801
0.35970181453270289,0.53955272179905422,0.0,0.10074546366824291
0.54602108868555832,0.36401405912370555,0.0,0.089964852190736078
0.52826838051052438,0.35217892034034964,0.0,0.1195526991491259
0.31802988181936614,0.47704482272904913,0.1684736032580138,0.036451692193570924
0.5473597363564372,0.3649064909042915,0.0,0.087733772739271285
0.56623063429974341,0.13988088050864733,0.28520985501778601,0.008678630173823431
0.7157630611575776,0.1789407652893944,0.0,0.10529617355302807
0.34335033165505557,0.51502549748258331,0.0,0.14162417086236115
0.87622670198102248,0.0,0.044483300844926917,0.079289997174050511
0.54886054374570481,0.36590702916380324,0.0,0.085232427090491933
0.49406170555730805,0.17167663805388075,0.30595684717186655,0.028304809216944636
0.58431466934980569,0.21608022312586711,0.16787549270535004,0.031729614818977382
0.56088736158822172,0.37392490772548115,0.0,0.065187730686297102
0.89806811604281789,0.0,0.050023303392886846,0.051908580564295356
0.73997665900025733,0.030232034650756974,0.20871540423329227,0.021075902115693306
0.50114551327041412,0.26192553226063031,0.18093148604605461,0.055997468422901236
0.58685707494474026,0.11131035818493526,0.29418251535043849,0.0076500515198856898
0.51659327914594233,0.34439551943062824,0.0,0.13901120142342949
0.93161208707832099,0.0,0.023228624543474734,0.045159288378204154
0.35231461277355697,0.52847191916033542,0.0,0.11921346806610765
0.8959176327736349,0.0,0.0,0.10408236722636513
0.65205881076213268,0.16301470269053317,0.11608218597926573,0.068844300568068562
0.6779645447668462,0.11325913975565119,0.18978532648161911,0.018990988995883393
0.32146056757847602,0.482190851367714,0.14507028286012169,0.051278298193688281
0.52825733472240155,0.35217155648160103,0.0,0.11957110879599736
0.4506612678743307,0.30044084524955383,0.19744240843214755,0.051455478443968042
0.36740958020410036,0.24493972013606694,0.36080070575995549,0.026849993899877109
0.52711912375480896,0.3514127491698727,0.0,0.12146812707531827
0.72297040001615631,0.18010825443885231,0.09015414271788752,0.0067672028271035575
0.51956483628524597,0.34637655752349733,0.0,0.13405860619125676
0.74208542093543128,0.18552135523385782,0.0,0.072393223830710923
0.55303569519785412,0.3686904634652361,0.0,0.078273841336909886
0.74458151197794442,0.18614537799448611,0.0,0.069273110027569543
0.53093558230677484,0.35395705487118323,0.0,0.11510736282204195
0.91086747655497768,0.0,0.0,0.089132523445022316
0.5583871439336191,0.3722580959557461,0.0,0.069354760110634781
0.66041250838761645,0.13458309788893583,0.17984660050108212,0.025157793222365527
0.35596081829409248,0.5339412274411387,0.0,0.11009795426476883
0.72709692083738797,0.13640101049686307,0.10901353582055658,0.027488532845192371
0.27273036269467027,0.26129018246644237,0.41749304404518273,0.048486410793704644
0.64275439743052665,0.098201668755828683,0.24037071758013873,0.018673216233506061
0.70550589295841659,0.048505878501289998,0.22104425078950896,0.024943977750784479
0.51855925236772182,0.34570616824514794,0.0,0.13573457938713018
0.53944428675499134,0.35962952450332764,0.0,0.10092618874168102
0.49313760610362234,0.24802686562841417,0.20966468021296689,0.049170848054996621
0.68973799342177755,0.12410119691611937,0.16430022524886692,0.021860584413236257
0.90628749065409175,0.0,0.0,0.093712509345908288
0.56285456936960454,0.37523637957973643,0.0,0.061909051050659053
0.47881741681883189,0.21208385696613755,0.27644766178376551,0.032651064431265156
0.53979510047745483,0.35986340031830322,0.0,0.10034149920424192
0.82396062010989612,0.07347878552584261,0.088943891064747441,0.013616703299513932
0.68653723206775485,0.17163430801693871,0.0,0.14182845991530649
0.63060514509300192,0.041107639060489934,0.28891326302834835,0.039373952818159794
0.52888971372374916,0.35259314248249951,0.0,0.11851714379375128
0.66946550927734305,0.08311849174325181,0.22323659552564393,0.024179403453761242
0.70029219463458769,0.17507304865864692,0.0,0.12463475670676552
0.6783827364439875,0.036851560170999033,0.27441034104209666,0.010355362342916733
0.54872564345758779,0.22187705849923284,0.18719223827268205,0.042205059770497169
0.66697910247068237,0.1219587131877343,0.17692538862814763,0.034136795713435801
0.54455274785038355,0.36303516523358909,0.0,0.092412086916027342
0.46386741993755914,0.30924494662503949,0.18186694700315095,0.04502068643425039
0.52740380387655295,0.35160253591770196,0.0,0.12099366020574508
0.82670126606178984,0.0,0.15631484498625001,0.016983888951960131
0.35268705068862383,0.52903057603293568,0.0,0.11828237327844052
0.53036893439316801,0.23355680230831286,0.17800074287678475,0.058073520421734422
0.69085710823912616,0.17271427705978154,0.0,0.13642861470109233
0.37026984171733451,0.55540476257600169,0.0,0.074325395706663772
0.7658061159948969,0.19145152899872422,0.0,0.042742355006378921
0.81874759914644546,0.084807999468458739,0.039821935268817735,0.056622466116278136
0.72215371491607094,0.18053842872901774,0.0,0.097307856354911348
0.56052484486075926,0.37368322990717284,0.0,0.065791925232067894
0.64689586497493412,0.12526107463662917,0.19863998708285024,0.029203073305586583
0.36170340698373538,0.54255511047560301,0.0,0.095741482540661602
0.54183136500763696,0.36122091000509138,0.0,0.096947724987271652
0.72130859339981801,0.10137234324797975,0.1249188295805978,0.0524002337716045
0.72508800736647072,0.18127200184161768,0.0,0.093639990791911709
0.7564776257257021,0.18911940643142552,0.0,0.054402967842872456
0.71354122501307593,0.17838530625326898,0.0,0.10807346873365516
0.53591938593512856,0.35727959062341907,0.0,0.10680102344145236
0.64052611478480104,0.16013152869620026,0.16016104738069559,0.03918130913830311
0.71926224378035175,0.17981556094508794,0.0,0.10092219527456033
0.55180166989517421,0.36786777993011621,0.0,0.080330550174709581
0.569772012559154,0.37984800837276933,0.0,0.050379979068076702
0.91466240629834783,0.0,0.0,0.085337593701652142
0.30868790427257459,0.46303185640886185,0.1863769764064229,0.041903262912140631
0.49924067311392584,0.15244358358734963,0.3345759983490546,0.013739744949670035
0.7120794570266834,0.17801986425667085,0.0,0.10990067871664576
0.42154035362513403,0.20198961651204528,0.33950740177218158,0.036962628090639139
0.53428146429140044,0.17300521375387959,0.26306857324924426,0.029644748705475444
0.36224995518339181,0.54337493277508764,0.0,0.094375112041520479
0.67144483047624459,0.16786120761906115,0.1011371433004556,0.059556818604238761
0.57436112427300734,0.19330415114507399,0.19027618247729719,0.042058542104621399
0.87574599920162899,0.0,0.0,0.12425400079837107
0.672359120859371,0.088355193742808841,0.21347750047662675,0.025808184921193109
0.56305136173546755,0.37536757449031177,0.0,0.061581063774220637
0.71676824626399149,0.050237086905370043,0.20744414696792696,0.025550519862711715
0.45159419658668981,0.15919366080036809,0.34167992236016492,0.047532220252777216
0.71899042264813551,0.15372408868048257,0.11169332885957656,0.015592159811805088
0.34645558201745397,0.51968337302618084,0.0,0.13386104495636522
0.37494453416689294,0.56241680125033933,0.0,0.062638664582767678
0.71930741171157553,0.17982685292789388,0.0,0.10086573536053062
0.6891095901110722,0.17227739752776805,0.0,0.1386130123611598
0.59251648846908889,0.14812912211727222,0.20257570075540454,0.05677868865823453
0.55387218096401525,0.36924812064267687,0.0,0.076879698393307883
0.54984908582622838,0.36656605721748564,0.0,0.083584856956285966
0.34423501474932494,0.2893046886096467,0.33287391062161897,0.0335863860194094
0.70015845598346871,0.072039567753652098,0.16283592707609915,0.064966049186780075
0.6916468016174302,0.099703372488116712,0.16966183354273356,0.038987992351719458
0.38255746306096289,0.35243246762171415,0.21606502113042264,0.048945048186900361
0.56068165758348476,0.37378777172232325,0.0,0.06553057069419202
0.58271900575715996,0.23277703141704967,0.14002324697528645,0.044480715850503998
0.56070083123842274,0.37380055415894853,0.0,0.065498614602628763
0.75173538562229636,0.18793384640557409,0.0,0.060330767972129599
0.66029595858472157,0.16507398964618039,0.1207727124639766,0.053857339305121515
0.61771255703141559,0.076172165033180639,0.27341564536572061,0.032699632569683092
0.92276803487301895,0.0,0.0,0.077231965126980995
0.44078665753149265,0.29385777168766181,0.20314042304025726,0.062215147740588256
0.61566828895979708,0.15391707223994927,0.18856911945153848,0.041845519348715311
0.61673874637827031,0.11088625721373124,0.2633923268032074,0.0089826696047912522
0.74689210616378432,0.18672302654094608,0.0,0.066384867295269712
0.74857841997352426,0.18714460499338106,0.0,0.064276975033094694
0.7220636577219911,0.18051591443049778,0.0,0.09742042784751119
0.7176350754289873,0.17940876885724683,0.0,0.10295615571376596
0.33785074789886127,0.50677612184829179,0.0,0.15537313025284699
0.46647856059717374,0.20916463250640796,0.26859395636147432,0.055762850534944029
0.61109748006525477,0.16300931111133959,0.21120325990749833,0.014689948915907278
0.35639256535667774,0.53458884803501661,0.0,0.10901858660830568
0.53668809405616269,0.35779206270410852,0.0,0.10551984323972873
0.69678759661507372,0.17419689915376843,0.0,0.12901550423115796
0.72246472712028142,0.057246880579094182,0.20001516743244516,0.020273224868179247
0.72385652150106239,0.1809641303752656,0.0,0.095179348123671959
0.25157182935436662,0.37735774403154987,0.3335958027155651,0.037474623898518369
0.73513651694747528,0.18378412923686882,0.0,0.081079353815655938
0.52980702244026667,0.35320468162684449,0.0,0.11698829593288887
0.68245085816633611,0.17061271454158403,0.0,0.1469364272920799
0.70902820144626988,0.17725705036156747,0.0,0.11371474819216264
0.26198055634533135,0.39297083451799703,0.30977162893042953,0.035276980206242134
0.90562581789826146,0.0,0.0,0.094374182101738563
0.52897164563376786,0.35264776375584528,0.0,0.11838059061038682
0.38310105116356474,0.57465157674534706,0.0,0.042247372091088226
0.341856552133733,0.25038994465818204,0.39747762984993568,0.010275873358149154
0.69450920097415214,0.17362730024353804,0.0890656449162429,0.042797853866066951
0.39576562348886624,0.36891549913390353,0.21946442072611033,0.015854456651120084
0.52421943528132953,0.34947962352088641,0.0,0.12630094119778407
0.52386729370837393,0.34924486247224934,0.0,0.12688784381937665
0.75222647724929681,0.1880566193123242,0.0,0.059716903438379078
0.56714945554497131,0.14178736388624283,0.2412389740212991,0.049824206547486684
0.43339930687876888,0.20137664018524401,0.32732804863836329,0.037896004297623839
0.55519040304839207,0.37012693536559477,0.0,0.074682661586013097
0.90402672054635203,0.0,0.059499909864738069,0.03647336958891001
0.54170890324120857,0.23862984847365612,0.16497164390164848,0.054689604383486745
0.669544833122106,0.095388279974252782,0.20095927218309603,0.034107614720545305
0.53894045879207764,0.35929363919471846,0.0,0.10176590201320393
0.72535244288498113,0.18133811072124528,0.0,0.093309446393773532
0.9369102736676338,0.0,0.0,0.063089726332366189
0.64289227886747347,0.16072306971686837,0.14740328083867921,0.048981370576979086
0.72573546151261747,0.18143386537815437,0.0,0.092830673109228212
0.54419747454236689,0.1108129370562468,0.31600464308981163,0.028984945311574785
0.65182023166893355,0.16295505791723339,0.13600365767436842,0.049221052739464692
0.65961657491995163,0.16490414372998791,0.13661926930293855,0.038860012047122
0.477439184729055,0.19534138147537061,0.29231587175381163,0.034903562041762766
0.47242553223766076,0.20105815173520436,0.28669287950246664,0.039823436524668333
0.71134060215583428,0.17783515053895857,0.0,0.11082424730520729
0.53891121325573643,0.35927414217049103,0.0,0.10181464457377254
0.70916680134386867,0.098248645343401331,0.14813178682882419,0.044452766483905899
0.52482233021489855,0.21161345283149405,0.21239391881689521,0.051170298136712158
0.69366715600209583,0.083680911037494574,0.19123811581868999,0.031413817141719619
0.70563018143534473,0.17640754535883618,0.0,0.11796227320581909
0.55340919342759598,0.24536371110055435,0.15059889308250887,0.050628202389340682
0.55572054712151675,0.37048036474767787,0.0,0.073799088130805338
0.52744765578088038,0.35163177052058697,0.0,0.12092057369853255
0.45869582513296747,0.21963754004570138,0.29694489481919351,0.024721740002137789
0.90834845619040394,0.0,0.049487840887683272,0.042163702921912849
0.47743496456642626,0.28114524005568103,0.20798964227529385,0.033430153102598684
0.94240847663137539,0.0,0.0,0.057591523368624567
0.73534355698239229,0.18383588924559807,0.0,0.080820553772009654
0.85752026266905845,0.025099854215440042,0.098981147407261508,0.018398735708240296
0.73221024494875719,0.099491230776199271,0.12492969770256107,0.043368826572482526
0.53881721033585672,0.35921147355723787,0.0,0.10197131610690538
0.55834223350296541,0.21381534815311559,0.19603491985263535,0.031807498491283767
0.73416039334230021,0.10237526338017261,0.11709124750499944,0.046373095772527954
0.91414065287761659,0.0,0.0,0.085859347122383411
0.52635419851214982,0.3509027990080999,0.0,0.12274300247975037
0.45155883794221341,0.20090054056586173,0.31432084872409283,0.033219772767832063
0.54015378368146238,0.19421985756588467,0.23265845793843207,0.032967900814220831
0.93482915097564179,0.0,0.0,0.065170849024358213
0.69246228514024355,0.17311557128506089,0.095921808192329733,0.03850033538236583
0.53810267626403196,0.35873511750935466,0.0,0.10316220622661346
0.73262126610747935,0.18315531652686984,0.0,0.084223417365650852
0.88613819988167375,0.0,0.0,0.11386180011832621
0.55051325070697921,0.36700883380465282,0.0,0.082477915488368053
0.64077970351277924,0.16019492587819481,0.14402242752944233,0.055002943079583602
0.83025071749981572,0.0,0.15127565390505521,0.01847362859512898
0.40830543003221048,0.27220362002147369,0.27600776627249335,0.043483183673822624
0.42020631768766731,0.22084609870286318,0.32433628044231033,0.034611303167159324
0.6280784819257027,0.18488069165875415,0.13215579276288095,0.054885033652662341
0.53480656191838805,0.35653770794559203,0.0,0.10865573013601991
0.50748363659246976,0.12687090914811744,0.33528162914085347,0.03036382511855943
0.90718918266046367,0.0,0.0,0.092810817339536361
0.54592622091337473,0.36395081394224987,0.0,0.090122965144375317
0.42988289758853104,0.28658859839235401,0.21395215471215046,0.069576349306964547
0.64947072781990067,0.16236768195497517,0.13414556245398745,0.054016027771136732
0.3839233703732477,0.25594891358216515,0.3267238268482015,0.033403889196385851
0.6530713664952873,0.16326784162382182,0.12778877694580235,0.05587201493508847
0.89307127417539589,0.0,0.04881120219506941,0.058117523629534561
0.57390167606210452,0.10907179919186075,0.30209403402958523,0.014932490716449419
0.52818951024560501,0.35212634016373673,0.0,0.11968414959065815
0.66762483995107669,0.099820292874444633,0.21365034749129125,0.018904519683187515
0.33301418876721589,0.28529429199547301,0.37467696032033188,0.0070145589169793923
0.56363881858506848,0.33311490079276956,0.048963128064733671,0.054283152557428251
0.4913118322929087,0.24341033147584049,0.20847297371386045,0.056804862517390323
0.49401356728658224,0.32934237819105489,0.11807813394744371,0.058565920574919217
0.39478888848481197,0.21501586388632765,0.36221712275344359,0.027978124875416736
0.58826532105325591,0.10295874227368837,0.27645093147796912,0.032325005195086604
0.57319563381522165,0.2750679477665699,0.11748872554177013,0.034247692876438487
0.4440358892370842,0.29602392615805617,0.2094657833552607,0.050474401249598934
0.53827527220379401,0.35885018146919601,0.0,0.10287454632700999
0.65076382182773485,0.16269095545693371,0.13072918375433726,0.055816038960994185
0.35915343768420682,0.53873015652631018,0.0,0.10211640578948299
0.54620032289962839,0.36413354859975228,0.0,0.089666128500619363
0.63739488016002277,0.096429642332815077,0.25131391493653804,0.014861562570623875
0.76267896250900602,0.0,0.20461293639905406,0.032708101091940049
0.73345405644080008,0.18336351411020002,0.0,0.08318242944900002
0.35399734218527812,0.53099601327791712,0.0,0.11500664453680481
0.50930516995564523,0.27469686811841748,0.16047114343801414,0.055526818487923235
0.7138768676185604,0.1784692169046401,0.0,0.10765391547679957
0.73181484145206066,0.18295371036301517,0.0,0.085231448184924216
0.57900392042614446,0.079795392130258672,0.30803470439451636,0.033165983049080645
0.76598673068645418,0.19149668267161354,0.0,0.042516586641932343
0.51081533631966891,0.25287962067188968,0.22967820711123851,0.0066268358972025841
0.55371959784356028,0.13842989946089007,0.28028864711247853,0.027561855583071181
0.35580143098964068,0.53370214648446102,0.0,0.11049642252589831
0.6599139977291868,0.078054012910046086,0.23435701287705391,0.027674976483713233
0.70167155261934111,0.17541788815483528,0.0,0.12291055922582368
0.88919639086285818,0.0,0.055883552934852219,0.054920056202289604
0.71713703199377743,0.11175055774766933,0.12307440842732616,0.048038001831227126
0.73553197597466669,0.18388299399366667,0.0,0.080585030031666713
0.3554665849907756,0.53319987748616338,0.0,0.11133353752306104
0.53479256311039025,0.35652837540692689,0.0,0.10867906148268279
0.87182733066632023,0.0,0.0,0.1281726693336798
0.55286300747892525,0.092180858494774837,0.3244607735709607,0.030495360455339241
0.54712798837272036,0.36475199224848026,0.0,0.088120019378799458
0.54774029129552537,0.36516019419701695,0.0,0.087099514507457676
0.91160832350377585,0.0,0.0,0.08839167649622412
0.35210962857760225,0.52816444286640329,0.0,0.11972592855599445
0.30641614603767975,0.45962421905651946,0.16587020571320565,0.068089429192595197
0.76419720393223178,0.1391275580861252,0.080039616228505903,0.016635621753137115
0.61020720848100418,0.12373189502189591,0.23081701165894206,0.03524388483815797
0.33613981858598108,0.27689593876838353,0.36835740294523128,0.018606839700404127
0.48980777360333971,0.24139024098103873,0.21009743699046865,0.058704548425152984
0.70584330279059104,0.17646082569764776,0.0,0.1176958715117612
0.52884049409905032,0.35256032939936693,0.0,0.11859917650158269
0.54363121506586132,0.24346215451188322,0.19025708653074028,0.022649543891514981
0.53229288882017511,0.35486192588011678,0.0,0.11284518529970806
0.70784184163191199,0.176960460407978,0.0,0.11519769796011006
0.4132690225125773,0.21109998009642258,0.34516622682135034,0.030464770569649774
0.63105334950090053,0.15776333737522513,0.17609817357629126,0.03508513954758314
0.52644034236119386,0.35096022824079592,0.0,0.1225994293980103
0.60666428680666673,0.15166607170166668,0.19190161923277854,0.04976802225888792
0.36091170539356043,0.54136755809034054,0.0,0.097720736516099027
0.44836997450314453,0.082018705394350258,0.43224578198564217,0.037365538116863273
0.58993759012298941,0.054354979651564543,0.3140588070198938,0.041648623205552279
0.66012698943642134,0.055634854547563631,0.24859223746146239,0.035645918554552687
0.52042602178835951,0.34695068119223971,0.0,0.13262329701940076
0.74376646952857839,0.10498523860793045,0.10013765538712983,0.051110636476361306
0.71070702000917807,0.17767675500229452,0.0,0.11161622498852752
0.54193450978151858,0.36128967318767907,0.0,0.096775817030802347
0.3480823553723329,0.52212353305849923,0.0,0.12979411156916792
0.49793200891175082,0.33195467260783396,0.11790318546781439,0.052210133012600822
0.5616218190709793,0.14040545476774483,0.23484766237692381,0.063125063784352162
0.8480708838356813,0.054194155567291388,0.087143652417223771,0.0105913081798037
0.49714117828118387,0.17450223062018377,0.31394520597153619,0.014411385127096039
0.66352206080759768,0.094831034706560249,0.20186835261906014,0.039778551866781767
0.56797507756002652,0.37865005170668437,0.0,0.053374870733289198
0.37237421422787131,0.55856132134180692,0.0,0.069064464430321812
0.7226922131176593,0.18067305327941482,0.0,0.096634733602925932
0.91472945480958623,0.0,0.0,0.085270545190413771
0.49135861741237807,0.41705539210023407,0.053322179817247309,0.038263810670140633
0.71290190935978648,0.17822547733994662,0.0,0.10887261330026697
0.44038625528904723,0.16735902235228936,0.34749307408725966,0.044761648271403817
0.72527870537386541,0.18131967634346635,0.0,0.093401618282668381
0.75045786662321712,0.089846720960826354,0.14156396706561555,0.01813144535034104
0.71769331370133738,0.17942332842533434,0.0,0.10288335787332835
0.51977253417705072,0.34651502278470048,0.0,0.13371244303824878
0.71902944475993247,0.17975736118998312,0.0,0.1012131940500845
0.71893833734152279,0.1797345843353807,0.0,0.10132707832309668
0.53558867545119659,0.35705911696746445,0.0,0.1073522075813389
0.36495055841174223,0.54742583761761332,0.0,0.087623603970644545
0.34470278975455992,0.51705418463183983,0.0,0.13824302561360027
0.717711023342395,0.17942775583559875,0.0,0.10286122082200636
0.45530260129799355,0.25145531308110103,0.26086181315764811,0.032380272463257184
0.53547729591751525,0.35698486394501022,0.0,0.10753784013747442
0.36599254151629101,0.54898881227443641,0.0,0.085018646209272589
0.59501594570224614,0.107096149129861,0.27843752822218792,0.019450376945704922
0.64750907803030933,0.11621754218153338,0.19624996435371489,0.040023415434442419
0.91168027427266951,0.0,0.0,0.088319725727330489
0.34958541920935632,0.52437812881403445,0.0,0.12603645197660934
0.59143516410398711,0.22415217379087915,0.1453539834546291,0.039058678650504469
0.73483358800405663,0.18370839700101416,0.0,0.081458014994929384
0.63713690320132232,0.13490591065705096,0.19377244338803426,0.034184742753592526
0.36590752926201087,0.54886129389301619,0.048313339024735544,0.036917837820237269
0.72198187672045921,0.1804954691801148,0.0,0.097522654099426009
0.71430406939527524,0.17857601734881881,0.0,0.107119913255906
0.54179835068712667,0.3611989004580845,0.043863830293517321,0.053138918561271578
0.52367504614805349,0.34911669743203566,0.0,0.12720825641991082
0.68810791457277487,0.17202697864319372,0.1192766678102191,0.020588438973812479
0.66313272725593098,0.16578318181398274,0.12590838792489395,0.045175703005192407
0.72363282622630842,0.18090820655657711,0.0,0.095458967217114582
0.70111172692748625,0.17527793173187156,0.0,0.12361034134064229
0.69499308652608316,0.17374827163152079,0.0,0.13125864184239608
0.57060895524112931,0.38040597016075289,0.0,0.048985074598117878
0.55260762388138007,0.36840508258758675,0.0,0.078987293531033176
0.52779803997408448,0.35186535998272306,0.0,0.12033660004319249
0.54619109081769712,0.36412739387846482,0.0,0.089681515303838055
0.70535395355824815,0.17633848838956204,0.0,0.11830755805218983
0.86814405364153469,0.0,0.0,0.13185594635846534
0.52643451739667113,0.29738078344553331,0.13374745230005872,0.042437246857736824
0.72585787375099764,0.18146446843774941,0.0,0.092677657811253006
0.65966043841199251,0.16491510960299813,0.13135107630845844,0.044073375676550806
0.71311691291739154,0.17827922822934789,0.0,0.10860385885326058
0.66875233034117643,0.16718808258529411,0.10961090822074299,0.054448678852786467
0.89695811227749478,0.0,0.0,0.10304188772250517
0.63815791512188391,0.15953947878047098,0.16693417061138391,0.035368435486261007
0.43832963755809473,0.13104063884321998,0.41914333089179667,0.011486392706888605
0.5947460437459966,0.14868651093649915,0.23194195771267928,0.024625487604825035
0.28680800250355154,0.43021200375532725,0.2240469881626444,0.058933005578476763
0.35573552583669776,0.53360328875504659,0.0,0.11066118540825561
0.67406694161055147,0.16851673540263787,0.13000782110514114,0.027408501881669541
0.59966285732823188,0.23157025425358374,0.11918580433753904,0.049581084080645287
0.72303256515406422,0.18075814128851606,0.0,0.096209293557419806
0.34737935283261595,0.23442222162843926,0.3956386509561205,0.022559774582824502
0.55033694252209175,0.36689129501472784,0.0,0.082771762463180423
0.53141338493984347,0.35427558995989566,0.0,0.11431102510026091
0.34455590317914991,0.51683385476872479,0.0,0.13861024205212522
0.55067694390548971,0.36711796260365981,0.0,0.08220509349085052
0.52409911950858712,0.092936436155523966,0.34562791683612676,0.037336527499762032
0.37117256035453761,0.55675884053180635,0.0,0.072068599113655998
0.69899334943958569,0.17474833735989642,0.0,0.12625831320051789
0.5158827557132849,0.34392183714218999,0.0,0.14019540714452502
0.74613176546873394,0.18653294136718349,0.0,0.067335293164082557
0.66164738700254178,0.077377487020463848,0.22557228831063347,0.035402837666360654
0.69402589386337077,0.17350647346584269,0.0,0.13246763267078648
0.60281854419606973,0.1072060993952101,0.27450249525847825,0.015472861150241829
0.56332730935500197,0.37555153957000131,0.0,0.06112115107499675
0.46019096515684832,0.30679397677123221,0.18637888281987686,0.046636175252042611
0.55662656946162525,0.37108437964108354,0.0,0.072289050897291207
0.53987051476929881,0.35786816627341306,0.089651480881987294,0.012609838075300528
0.67702761437322512,0.16925690359330628,0.0,0.15371548203346863
0.36421809854689413,0.28583070808653155,0.31298782811249365,0.036963365254080845
0.72385862195525696,0.18096465548881424,0.0,0.095176722555928878
0.71599023364588743,0.17899755841147186,0.0,0.10501220794264073
0.52471075877983453,0.18516555130977141,0.28375908206236644,0.0063646078480277197
0.72909606744565469,0.083864016318639018,0.1781795037709008,0.0088604124648052895
0.34736332876298737,0.52104499314448105,0.0,0.13159167809253156
0.54716924707984205,0.36477949805322807,0.0,0.088051254866929884
0.72225671397482272,0.18056417849370568,0.0,0.097179107531471659
0.89040333854446452,0.0,0.0,0.10959666145553548
0.72126584791584714,0.18031646197896178,0.0,0.098417690105191039
0.45512019054810327,0.16997665540432547,0.34698351565565938,0.027919638391911833
0.53001222488648059,0.35334148325765374,0.0,0.11664629185586567
0.56651616093444224,0.37767744062296149,0.0,0.055806398442596307
0.40726253675888213,0.24593372067444538,0.2866987251908209,0.060105017375851624
0.71848422932245415,0.17962105733061354,0.0,0.10189471334693229
0.55061745038253995,0.36707830025502663,0.0,0.082304249362433399
0.63217593964246932,0.15804398491061733,0.18632236883914166,0.023457706607771765
0.67295878575987833,0.16823969643996958,0.12164596353806881,0.037155554262083237
0.34470058197034031,0.51705087295551044,0.0,0.1382485450741493
0.72573023888617783,0.073550107406359533,0.15253585408580531,0.048183799621657274
0.60035379939171285,0.13255488356432141,0.25057307807911577,0.016518238964849712
0.41676198078730559,0.27784132052487043,0.25413666973649879,0.051260028951325219
0.73448016957147599,0.183620042392869,0.0,0.081899788035655063
0.51843138371708919,0.34562092247805948,0.0,0.13594769380485139
0.6252247886928276,0.1563061971732069,0.15612395552749106,0.062345058606474497
0.51948474952003509,0.34632316634669014,0.0,0.13419208413327474
0.72311700960454195,0.18077925240113549,0.0,0.096103737994322647
0.72167871987704335,0.18041967996926084,0.0,0.097901600153695922
0.55025472483009352,0.36683648322006235,0.0,0.082908791949844171
