0.52961027966015672,0.35307351977343782,0.0,0.11731620056640542
0.52353379080786233,0.20832851363927413,0.25007289990815762,0.018064795644705922
0.52935240803209527,0.35290160535473025,0.0,0.11774598661317451
0.56460777261297157,0.37640518174198112,0.0,0.058987045645047344
0.35382558257347091,0.53073837386020628,0.0,0.11543604356632278
0.43563350747200308,0.23728256749401941,0.28927445412199987,0.037809470911977804
0.57432208244425043,0.22885125566931594,0.1343440287688564,0.062482633117577256
0.53563208718906841,0.3570880581260456,0.0,0.10727985468488599
0.55366900472868019,0.36911266981912016,0.0,0.077218325452199685
0.43353476072743863,0.19360512878532932,0.34896078863185442,0.023899321855377839
0.54406542044564066,0.36271028029709379,0.0,0.093224299257265608
0.48144299387765854,0.30759095873465281,0.1514154396963284,0.059550607691360349
0.79949546733058963,0.08329534931198497,0.042931748895850649,0.074277434461574782
0.73359274279085618,0.0,0.24460285942438967,0.021804397784754251
0.56268351149925355,0.37512234099950242,0.0,0.062194147501243982
0.5923315335990178,0.13840814294521853,0.25685787474322258,0.012402448712541017
0.41239433886654614,0.27492955924436413,0.27548771132780198,0.037188390561287803
0.73658770792141337,0.18414692698035334,0.0,0.079265365098233342
0.90452778322456551,0.0,0.044953811131547616,0.050518405643886814
0.91118766314145716,0.0,0.0,0.088812336858542881
0.5262546213748841,0.18037149639721939,0.27458898773527657,0.018784894492619698
0.66589838157198455,0.16647459539299614,0.14987377156908674,0.017753251465932634
0.54651198326873307,0.36434132217915538,0.0,0.089146694552111563
0.54651926633678483,0.36434617755785659,0.0,0.089134556105358545
0.72954123458938303,0.18238530864734576,0.0,0.088073456763271232
0.68821955175021265,0.17205488793755316,0.0,0.13972556031223424
0.6016016751911748,0.1504004187977937,0.21022145961538308,0.037776446395648491
0.54026377364046652,0.36017584909364436,0.0,0.099560377265889219
0.60365750328625589,0.15091437582156397,0.22807004645254345,0.01735807443963687
0.58280129544452774,0.2000749578347441,0.17769380642159108,0.039429940299136906
0.56107005036283497,0.37404670024189002,0.0,0.064883249395275039
0.51348572779278445,0.34232381852852301,0.0,0.14419045367869252
0.64379223977490174,0.16094805994372544,0.14063144596884256,0.054628254312530523
0.54437279456650778,0.36291519637767189,0.0,0.092712009055820374
0.75911061809635683,0.097017009837674459,0.13354237159067528,0.010330000475293736
0.54288393113994848,0.36192262075996573,0.0,0.095193448100085828
0.54803580946194563,0.36535720630796381,0.0,0.0866069842300905
0.52472610324334668,0.34981740216223117,0.0,0.12545649459442207
0.63459772649427748,0.15315767330518934,0.16498190233229915,0.047262697868233991
0.69549998012783565,0.17387499503195891,0.0,0.13062502484020541
0.52067374162424995,0.34711582774950001,0.0,0.13221043062625001
0.35333989362046409,0.5300098404306961,0.0,0.11665026594883986
0.61220709028941445,0.15305177257235361,0.20493194105027665,0.029809196087955365
0.50714623925343949,0.15124018256522437,0.3178667198262623,0.023746858355073633
0.36463956964151273,0.54695935446226907,0.054585842499352985,0.033815233396865339
0.52395931379675775,0.34930620919783856,0.0,0.12673447700540366
0.36441775817296085,0.54662663725944127,0.0,0.088955604567597893
0.73647848318277187,0.18411962079569297,0.0,0.079401896021535204
0.36166864385716047,0.54250296578574064,0.0,0.095828390357098919
0.3561740352482925,0.53426105287243864,0.0,0.10956491187926889
0.53553615371996699,0.35702410247997801,0.0,0.10743974380005501
0.66268652499662328,0.16567163124915582,0.12435695273561444,0.047284891018606376
0.69191176646816277,0.17297794161704069,0.1173837583413222,0.017726533573474396
0.54117132788071032,0.22326030089485549,0.17457611255387573,0.060992258670558588
0.65197800109301507,0.16299450027325377,0.12751053373034382,0.057516964903387341
0.36286728502438836,0.54430092753658244,0.0,0.092831787439029256
0.45180698585136714,0.084159306047475971,0.45273285814296432,0.011300849958192692
0.64871819495164174,0.13552059629594398,0.19130172425971159,0.024459484492702556
0.75184274896661685,0.057054098032807816,0.16767808007126725,0.023425072929308111
0.54167470263253048,0.36111646842168704,0.0,0.097208828945782463
0.83908869005020337,0.071367497804647656,0.074799201413804625,0.014744610731344079
0.65546183921444734,0.19550268139644977,0.12193527561611825,0.02710020377298469
0.70637945149136916,0.20528606867982346,0.045418338856932139,0.042916140971875211
0.55893438423618713,0.24158529706886833,0.14819307450821398,0.051287244186730516
0.42283671251704752,0.18864884224675646,0.36258422013827085,0.025930225097925256
0.37010427352892594,0.3242508412624745,0.2705786696988598,0.035066215509739637
0.54744361519941764,0.36496241013294511,0.0,0.087593974667637284
0.33669158377071323,0.26142437543324676,0.38898565113506417,0.012898389660976044
0.49082487303225697,0.14696536156144061,0.33523052172173451,0.026979243684567975
0.53739201916086776,0.20505102010065299,0.20702531160887408,0.050531649129605144
0.86528194177001139,0.0,0.0,0.13471805822998864
0.44518374564403557,0.29678916376269043,0.22026925702418504,0.037757833569089079
0.35062373002003305,0.20681176569246851,0.41573441166023523,0.02683009262726322
0.59224072344444789,0.14806018086111197,0.23681327681775946,0.022885818876680765
0.74143492826862201,0.1853587320671555,0.0,0.073206339664222478
0.53331197083766191,0.35554131389177462,0.0,0.11114671527056355
0.59449497226366899,0.13422690655859193,0.26435131566792625,0.0069268055098129274
0.35103797461776676,0.52655696192665002,0.0,0.12240506345558322
0.34570522827698874,0.51855784241548297,0.12903437270898901,0.0067025565985391672
0.71541106446457814,0.17885276611614453,0.0,0.10573616941927727
0.73158255611755374,0.18289563902938843,0.0,0.085521804853057826
0.71931196345648196,0.17982799086412049,0.0,0.10086004567939769
0.50283566358162812,0.33522377572108547,0.0,0.1619405606972863
0.4626906098554236,0.17593660016074356,0.33748909430743768,0.023883695676395169
0.58247235358507621,0.23494493445895645,0.11965902419358083,0.062923687762386479
0.37705842965069075,0.25137228643379383,0.34962224584732915,0.021947038068186406
0.47072982365641014,0.1849057354853833,0.31625362207928731,0.028110818778919057
0.43180634699671661,0.1888610446289227,0.34354016016487038,0.035792448209490228
0.52704099887912792,0.35136066591941867,0.061698931483434166,0.059899403718018995
0.55978133526147644,0.085092717021514233,0.31357499005102601,0.04155095766598331
0.71774876505521723,0.17943719126380431,0.0,0.10281404368097856
0.60410670768663632,0.22010441345555787,0.15107140159885016,0.024717477258955671
0.58790774398635193,0.10618185476931133,0.29285605657502201,0.013054344669314703
0.55054486052033302,0.36702990701355537,0.0,0.082425232466111664
0.87786145072772992,0.0,0.0,0.12213854927227007
0.70119448910525217,0.11128961144966298,0.17998424894278139,0.0075316505023030264
0.87885827261703175,0.0,0.0,0.1211417273829682
0.41144195862858829,0.36008624227675134,0.19875526203402172,0.029716537060638801
0.36124161122417875,0.54186241683626812,0.0,0.096895971939553169
0.69263297754641806,0.17315824438660452,0.0,0.13420877806697751
0.70507683195436721,0.038781022015565228,0.23141541231730967,0.024726733712757885
0.43883378735851603,0.29255585823901076,0.21368236886211994,0.054927985540353309
0.72166543260199911,0.18041635815049978,0.0,0.097918209247501178
0.75705716931934741,0.11884053867741558,0.11598290284052053,0.0081193891627166382
0.41910635597797452,0.20331420221245308,0.36348134907511875,0.014098092734453603
0.39017343923908987,0.26011562615939327,0.29946029344317232,0.050250641158344621
0.36166391783621465,0.54249587675432198,0.0,0.095840205409463308
0.71674986385710993,0.094603030344893285,0.14357419234762123,0.045072913450375708
0.5451264583183788,0.36341763887891926,0.0,0.091455902802701897
0.26099719048891135,0.39149578573336702,0.310737403762535,0.03676962001518666
0.68621112049957655,0.17155278012489414,0.0,0.14223609937552939
0.32495937890672982,0.15063607668285026,0.51414219614595991,0.010262348264459936
0.53356056510490379,0.3557070434032692,0.0,0.11073239149182706
0.86800196272246477,0.051873992570372784,0.040366934291035557,0.039757110416127006
0.61052545961401117,0.062445825472158142,0.28080796462110924,0.046220750292721602
0.54179412308210162,0.36119608205473441,0.0,0.097009794863163967
0.54793827749114132,0.36529218499409427,0.0,0.086769537514764294
0.54559608998143472,0.14478990010399687,0.26644602611944235,0.043167983795126041
0.94575421743782029,0.0,0.0,0.054245782562179747
0.35145381221532523,0.52718071832298774,0.0,0.12136546946168708
0.7422328186407311,0.18555820466018277,0.0,0.072208976699086255
0.703925590872157,0.17598139771803925,0.0,0.1200930114098038
0.4793513284243715,0.15477309564317143,0.35013472439284027,0.015740851539616501
0.83564612339181976,0.062529247768976046,0.06673901988189912,0.035085608957305267
0.55465544877901007,0.36977029918600679,0.044377686493792291,0.0311965655411908
0.51631237030817589,0.34420824687211726,0.0,0.13947938281970684
0.71754599977730904,0.17938649994432726,0.0,0.10306750027836376
0.55634822384789839,0.23585029760933665,0.14554584507051621,0.062255633472248627
0.36365296673361125,0.54547945010041687,0.0,0.090867583165971891
0.70458258148017838,0.1761456453700446,0.0,0.11927177314977709
0.42939452911090265,0.14908521185460608,0.40558525420350067,0.015935004830990515
0.68587670975851511,0.067635484253744008,0.18309463418828076,0.063393171799460038
0.58552043223659034,0.19868745181388428,0.17615355782668429,0.039638558122841006
0.28370731049921616,0.42556096574882418,0.2714993679504033,0.019232355801556401
0.51532339140121319,0.34354892760080885,0.0,0.14112768099797787
0.45220727589176046,0.30147151726117372,0.22449951744941748,0.021821689397648437
0.37295267993580106,0.55942901990370153,0.0,0.067618300160497455
0.45652427682344554,0.20666275433569134,0.27982934242742852,0.056983626413434622
0.35700970215742189,0.53551455323613284,0.0,0.10747574460644527
0.68569044697094228,0.1193998227536409,0.17357537945910326,0.02133435081631338
0.54374828845183953,0.36249885896789308,0.0,0.093752852580267276
0.55020256483611441,0.36680170989074301,0.0,0.082995725273142584
0.72293699228135133,0.18073424807033783,0.0,0.096328759648310849
0.41706974601389601,0.16280112377348246,0.39573438188149479,0.024394748331126787
0.7309844784678674,0.18274611961696685,0.0,0.086269401915165772
0.33962612992367003,0.28274538592071552,0.30830050640027734,0.069327977755337111
0.54349474767039974,0.36232983178026656,0.0,0.094175420549333685
0.47166627885471091,0.23703464243756867,0.26710072880188884,0.024198349905831553
0.51579138956215698,0.27917646714085897,0.19516717309039308,0.0098649702065909169
0.6850259616558626,0.17125649041396565,0.11218733211215252,0.031530215818018972
0.80316467827426274,0.13341256872579701,0.015447132702592481,0.047975620297347629
0.80740405736163223,0.082543967282930397,0.058629183109743514,0.051422792245693821
0.33709883007036212,0.50564824510554307,0.0,0.15725292482409484
0.53271494227774763,0.095462040323850597,0.29444381091830674,0.077379206480095095
0.70988028039920525,0.17747007009980131,0.0,0.11264964950099354
0.54687193172764759,0.3645812878184318,0.0,0.088546780453920615
0.55683824266890614,0.37122549511260416,0.0,0.071936262218489741
0.64688166571008598,0.12779817890840386,0.20651851596722773,0.018801639414282468
0.74170188715074514,0.098171618758735174,0.12313146710999717,0.036995026980522337
0.37057743415489708,0.55586615123234562,0.0,0.073556414612757332
0.52573602607669789,0.35049068405113193,0.0,0.12377328987217021
0.83283898338025519,0.047966816948003838,0.11121711438419825,0.0079770852875424361
0.69203088382913458,0.12416892558534985,0.160719743663431,0.023080446922084521
0.53223799109708436,0.35482532739805628,0.0,0.11293668150485935
0.61400551035224227,0.17947210983009684,0.17605843380751007,0.030463946010150851
0.58686358799165572,0.14671589699791393,0.24854387846707368,0.017876636543356444
0.79968698027597018,0.10360947356116777,0.090899125864640676,0.0058044202982214434
0.56642147744060889,0.14160536936015222,0.27658530238189477,0.0153878508173441
0.34411016894063262,0.51616525341094888,0.0,0.13972457764841847
0.64032849546884285,0.13350401164299036,0.19926705133992648,0.026900441548240145
0.70379211804995445,0.17594802951248861,0.0,0.12025985243755698
0.51448738051488652,0.34299158700992438,0.0,0.14252103247518907
0.56002726880993237,0.17464721181987239,0.24667627484449636,0.018649244525698973
0.847194200967606,0.0,0.0,0.15280579903239402
0.48812706109218901,0.31118294829410992,0.16986940795475855,0.030820582658942504
0.71986694233473958,0.17996673558368489,0.0,0.1001663220815756
0.85414402277395385,0.056517369520025201,0.079291720277640143,0.010046887428380825
0.56390363054868531,0.37593575369912358,0.0,0.060160615752191164
0.70847058746412239,0.1771176468660306,0.0,0.114411765669847
0.52649032081377833,0.35099354720918563,0.0,0.12251613197703602
0.52777251649552515,0.35184834433035012,0.0,0.12037913917412479
0.92521963676985286,0.0,0.0,0.074780363230147126
0.90094189647519674,0.0,0.0,0.099058103524803265
0.91217461831584967,0.0,0.0,0.087825381684150328
0.64151177154691708,0.11253118118343762,0.22773045286956278,0.018226594400082442
0.55015909750045067,0.36677273166696711,0.0,0.083068170832582167
0.34931965618147043,0.52397948427220564,0.0,0.12670085954632393
0.72183517554852716,0.18045879388713179,0.0,0.097706030564341101
0.37881894936256688,0.56822842404385032,0.0,0.052952626593582797
0.51301632978476264,0.278391900911729,0.1668944936708994,0.041697275632608902
0.33916528192457873,0.5087479228868681,0.0,0.15208679518855323
0.69541351516653815,0.17385337879163454,0.0,0.13073310604182731
0.61137818647884046,0.11580703250817626,0.25788115586900867,0.014933625143974442
0.58055583460603044,0.14642421824907778,0.25838994360539413,0.014630003539497746
0.72733169008613674,0.18183292252153418,0.0,0.090835387392329062
0.55133327594937609,0.36755551729958408,0.0,0.081111206751039874
0.5408344559551439,0.36055630397009597,0.0,0.098609240074760143
0.71004490044909441,0.1775112251122736,0.0,0.11244387443863205
0.61748014449950717,0.15437003612487679,0.19006676424241853,0.038083055133197687
0.46201150197975127,0.19905162409332036,0.27725407087979398,0.061682803047134444
0.36019090938241261,0.54028636407361885,0.0,0.099522726543968543
0.68836679002339685,0.10747525283445973,0.1636018305103269,0.040556126631816708
0.5402667277214287,0.36017781848095248,0.0,0.099555453797618876
0.38739878214100171,0.25826585476066788,0.30527020025990403,0.049065162838426365
0.37561026914338941,0.56341540371508403,0.0,0.060974327141526556
0.73607288317089359,0.13407048822074358,0.10823842770958141,0.02161820089878155
0.52336359955461909,0.34890906636974606,0.0,0.12772733407563483
0.88899535824984655,0.0,0.044197390415249727,0.066807251334903645
0.52640119868876367,0.35093413245917582,0.0,0.12266466885206051
0.71395439045809461,0.17848859761452365,0.0,0.10755701192738172
0.55623177187891726,0.37082118125261154,0.0,0.072947046868471158
0.37122204685253174,0.55683307027879758,0.0,0.071944882868670734
0.5466617787883381,0.36444118585889207,0.0,0.088897035352769771
0.40650344502972319,0.20054510842639689,0.36727682983791154,0.02567461670596817
0.750029073778541,0.18750726844463525,0.0,0.062463657776823882
0.48040013046204788,0.24266861627529954,0.21696446228632307,0.059966790976329558
0.73498568572379719,0.1837464214309493,0.0,0.081267892845253639
0.36904897034867717,0.55357345552301573,0.0,0.077377574128307119
0.77978977909358971,0.092422621549309372,0.12058759375062497,0.0072000056064762275
0.5157097196703051,0.3438064797802034,0.0,0.1404838005494915
0.61711291529705281,0.1179613153293723,0.2406841644168238,0.024241604956751081
0.85492649453206715,0.059301522255478481,0.068841826231835032,0.016930156980619192
0.53753036681880795,0.35835357787920535,0.0,0.1041160553019867
0.88892475395329018,0.0,0.0,0.11107524604670981
0.62657564216697881,0.1566439105417447,0.15785118573281318,0.058929261558463515
0.85620834238573928,0.032847263545189263,0.094966644923156582,0.015977749145914683
0.56723061805174302,0.3781537453678287,0.0,0.054615636580428367
0.31476556640882564,0.47214834961323848,0.16684458879253222,0.046241495185403783
0.68556466514704217,0.17139116628676054,0.10747573115298879,0.035568437413208448
0.44818565324242943,0.16864691608433979,0.34571718590891387,0.037450244764316937
0.69197385700238057,0.17299346425059514,0.0,0.13503267874702438
0.72367171722721269,0.18091792930680317,0.0,0.095410353465984268
0.61535610622558234,0.15383902655639559,0.18949591080645636,0.041308956411565741
0.71244543722765419,0.18937862835759831,0.085590306386974374,0.012585628027773398
0.77177463361207232,0.12995561984542842,0.079550320095612526,0.018719426446886765
0.7076671787498392,0.1769167946874598,0.0,0.1154160265627011
0.53216045163355152,0.35477363442236776,0.0,0.11306591394408071
0.45541372320666035,0.1932535050614827,0.30750172788852193,0.043831043843335062
0.53383773921603894,0.35589182614402604,0.0,0.11027043463993502
0.46147543804655844,0.21803862385068423,0.29152325796855777,0.028962680134199486
0.53311605154662101,0.22333952108326025,0.20984227455829918,0.033702152811819534
0.55722831055223276,0.37148554036815518,0.0,0.071286149079612102
0.49882495260017479,0.20022286022522456,0.25468074825842951,0.046271438916171144
0.35629077794102559,0.53443616691153828,0.0,0.10927305514743615
0.5386916392342026,0.35912775948946846,0.0,0.10218060127632894
0.48591393131844146,0.21372214395501316,0.24279286677293321,0.057571057953612122
0.69358528638293726,0.17339632159573432,0.0,0.13301839202132845
0.54127770577457524,0.36085180384971688,0.0,0.097870490375707803
0.52591153372613464,0.20155339205907313,0.21783802801169422,0.05469704620309819
0.75281820143592593,0.12106874937021915,0.096736202287247289,0.029376846906607662
0.5142358553258779,0.28510308066431234,0.16392098638511415,0.036740077624695555
0.54202982117944765,0.36135321411963184,0.0,0.096616964700920557
0.59721644150316999,0.18899834404640209,0.18385633284896916,0.029928881601458662
0.34968455566647311,0.29259595113251025,0.31278812921133486,0.044931363989681748
0.60142063222683562,0.14334618207892655,0.24443044541261785,0.010802740281620178
0.48091189771881898,0.16154845446253616,0.32118044508344251,0.036359202735202413
0.54574889318426245,0.36383259545617502,0.0,0.090418511359562442
0.54032203379585697,0.36021468919723804,0.0,0.099463277006904896
0.28955536656163017,0.4343330498424452,0.20894043540816309,0.06717114818776139
0.69884984137883532,0.17471246034470883,0.0,0.12643769827645593
0.37432616975387761,0.56148925463081634,0.0,0.06418457561530598
0.55053645596146494,0.36702430397430996,0.0,0.082439240064225081
0.54773133131789775,0.36515422087859856,0.0,0.087114447803503678
0.70036358758092354,0.053194354037190146,0.22797225148063818,0.018469806901248251
0.74882910907302258,0.18720727726825565,0.0,0.063963613658721871
0.47378945912429021,0.11844736478107255,0.35257906127897937,0.055184114815657846
0.35056197064362349,0.40327833105762756,0.20580963366990535,0.040350064628843572
0.56885932085165347,0.22662710862848554,0.14066601112381352,0.06384755939604736
0.5133747238609172,0.27585279004887087,0.16085160418885491,0.049920881901356955
0.56149407784451177,0.37432938522967452,0.0,0.064176536925813696
0.3789456990316693,0.56841854854750384,0.0,0.052635752420826902
0.70874214810810665,0.17718553702702666,0.0,0.11407231486486671
0.35790473574923204,0.53685710362384798,0.0,0.10523816062691996
0.63875322637890308,0.21733330822686794,0.0850246294257999,0.058888835968429136
0.70711040332862718,0.17677760083215679,0.0,0.116111995839216
0.36319106634710335,0.544786599520655,0.0,0.092022334132241687
0.7493971678123168,0.1873492919530792,0.0,0.063253540234604097
0.36103077689508356,0.54154616534262534,0.0,0.097423057762291113
0.56273414660859566,0.37515609773906378,0.0,0.062109755652340518
0.42015985743173756,0.18413066075949391,0.36583008101255066,0.029879400796217839
0.50738168652420823,0.12684542163105206,0.34250546716702102,0.023267424677718831
0.70273851137947019,0.16358947369035459,0.064066327399144321,0.069605687531031121
0.70420091605711876,0.17605022901427969,0.0,0.1197488549286015
0.54583646746907299,0.36389097831271539,0.0,0.090272554218211565
0.36502194141421901,0.54753291212132849,0.0,0.087445146464452561
0.37118082370097605,0.55677123555146402,0.0,0.072047940747559922
0.48548335398870962,0.18397441391496638,0.31042744750429457,0.020114784592029231
0.54943877458462986,0.36629251638975324,0.0,0.084268709025616881
0.85788085941667436,0.0,0.0,0.14211914058332561
0.66210604467116707,0.074126373079258803,0.25467228973468731,0.009095292514886822
0.469413835922175,0.3129425572814501,0.16993412991408247,0.047709476882292566
0.63114260559883861,0.1619825011067329,0.19961350972442515,0.0072613835700032891
0.36730053545842978,0.55095080318764467,0.0,0.081748661353925611
0.65470027966006328,0.10397385020215184,0.20204781765135796,0.03927805248642708
0.72113799150196856,0.10255644291940175,0.11933332279262143,0.056972242786008133
0.54210035401031997,0.36140023600688004,0.0,0.096499409982799933
0.5503540633496905,0.36690270889979371,0.0,0.082743227750515791
0.42958372367422043,0.28638914911614699,0.23829874954610306,0.045728377663529496
0.44207618481269007,0.22544877209597952,0.30816179380983733,0.02431324928149289
0.50328619947166497,0.18383616753070248,0.3045221504546809,0.0083554825429513688
0.53788635718312616,0.20308382555232385,0.19631114433851968,0.062718672926030325
0.7331411803517206,0.18328529508793015,0.0,0.083573524560349333
0.44256995241751218,0.21673334078297141,0.31020347486926775,0.03049323193024862
0.69907738001793684,0.17476934500448421,0.077963730675967097,0.048189544301611847
0.73122772168117611,0.18280693042029403,0.0,0.08596534789852997
0.63541404774352572,0.15885351193588143,0.18177112346313501,0.023961316857457986
0.68277129766800648,0.061551729480205299,0.24782233416733224,0.0078546386844563273
0.53030573818461524,0.35353715878974351,0.0,0.11615710302564126
0.52888424310865301,0.35258949540576873,0.0,0.1185262614855782
0.73647313934797787,0.18411828483699447,0.0,0.079408575815027652
0.55230067898467095,0.3682004526564473,0.0,0.079498868358881813
0.68586067705886877,0.12165865783035523,0.16813887057671981,0.024341794534056219
0.65596028430009745,0.16399007107502436,0.11669948739594638,0.063350157228931864
0.64516570723764188,0.1046177598027226,0.24325376513917865,0.0069627678204568907
0.75540228995842817,0.18885057248960704,0.0,0.055747137551964858
0.54643890812425611,0.36429260541617081,0.0,0.089268486459573054
0.72665732285009599,0.181664330712524,0.0,0.091678346437380098
0.56154726126059795,0.37436484084039867,0.0,0.064087897899003404
0.45754622365609954,0.18543289497596741,0.31803984644545402,0.03898103492247889
0.54600232152163641,0.364001547681091,0.0,0.089996130797272575
0.54449305744870424,0.36299537163246953,0.0,0.092511570918826211
0.88119226477508827,0.0,0.0,0.11880773522491171
0.63647057288597575,0.096007305158770206,0.25567465385021548,0.011847468105038375
0.71077280113559871,0.17769320028389968,0.0,0.11153399858050167
0.53493618506259699,0.35662412337506472,0.0,0.10843969156233822
0.52961690604215983,0.13240422651053996,0.27760761890658758,0.060371248540712685
0.89083463985917399,0.0,0.040488478814858141,0.068676881325967748
0.6905556638000705,0.22202573375061832,0.064962461216304501,0.022456141233006852
0.90122172820966151,0.0,0.0,0.098778271790338532
0.47208048499807831,0.22664280327337125,0.23946445954431658,0.061812252184233835
0.73763776466556197,0.18440944116639049,0.0,0.077952794168047596
0.53425312217729015,0.35616874811819349,0.0,0.1095781297045163
0.67598754756067181,0.16899688689016795,0.12838564109551343,0.026629924453647029
0.63577980433537706,0.15894495108384427,0.16379239794403386,0.041482846636744966
0.51516713009827286,0.34344475339884861,0.0,0.14138811650287847
0.59569824854873554,0.10205160452080443,0.25801276015830998,0.04423738677215007
0.5404894123110856,0.16128245720185538,0.2483229183143639,0.049905212172695099
0.70887610766100728,0.17721902691525182,0.0,0.11390486542374086
0.5040109686901425,0.33600731246009508,0.0,0.15998171884976242
0.32327560699831137,0.48491341049746689,0.13435592878723865,0.057455053716983111
0.51059984764644784,0.3403998984309653,0.0,0.14900025392258689
0.36703636768520104,0.55055455152780153,0.0,0.082409080786997477
0.60234280681504582,0.13407249478994471,0.25316831861902378,0.010416379775985814
0.60431512384463248,0.25220370376328899,0.11136063979550054,0.032120532596578044
0.53970323646689644,0.35980215764459766,0.0,0.10049460588850584
0.70203904373557791,0.11494672097063503,0.14726952309700658,0.035744712196780534
0.60775991498614601,0.21812688337161432,0.09812753681998336,0.075985664822256507
0.52247478087690802,0.23180696148825766,0.221774358449463,0.023943899185371272
0.84851387052141169,0.0,0.11328212960638752,0.038203999872200772
0.87036017151593426,0.0,0.0,0.12963982848406574
0.72566534416138206,0.18141633604034552,0.043392727343023303,0.049525592455249186
0.37009986212501833,0.49442962120063011,0.12240692288992974,0.013063593784421823
0.52978627582941951,0.35319085055294636,0.0,0.11702287361763415
0.55158973890006835,0.36772649260004564,0.0,0.080683768499885997
0.6966475672203214,0.17416189180508035,0.0,0.12919054097459834
0.71405886930961504,0.18228982028789381,0.084068324638262693,0.019582985764228376
0.43951502124219272,0.29301001416146188,0.20722583899376099,0.060249125602584316
0.38259911668221624,0.57389867502332437,0.0,0.043502208294459437
0.37752326758404897,0.56628490137607346,0.0,0.056191831039877571
0.50908109671556812,0.2424544070798077,0.20915551619893064,0.039308980005693418
0.55841760331758372,0.090141344129277365,0.32909423514347297,0.022346817409665966
0.76696998908157321,0.1917424972703933,0.0,0.041287513648033528
0.25495772315431869,0.38243658473147807,0.3327896692690262,0.029816022845177131
0.3436791232341565,0.51551868485123475,0.0,0.14080219191460874
0.8806398548520441,0.0,0.0,0.11936014514795588
0.55133909108015788,0.36755939405343863,0.0,0.081101514866403518
0.53281473158570947,0.30891625355003471,0.11221279891151822,0.046056215952737692
0.42875852911890772,0.28583901941260514,0.24511324923246239,0.040289202236024918
0.45866198506656075,0.22702273941930809,0.30504373918472577,0.009271536329405413
0.88835464739647296,0.0,0.0,0.11164535260352698
0.55399871148827262,0.36933247432551508,0.0,0.076668814186212339
0.43785098045828796,0.18739435770793875,0.34778324492758145,0.026971416906191904
0.79855572710377198,0.10405743658607269,0.05930316703282941,0.03808366927732601
0.47172761687299447,0.32372937952000569,0.16000604071500743,0.044536962891992521
0.72159954692647776,0.18039988673161944,0.0,0.098000566341902837
0.80989605095666384,0.090683504144067381,0.052231587976638967,0.047188856922629863
0.55130572292790803,0.36753714861860537,0.0,0.081157128453486688
0.59943659276132877,0.14985914819033219,0.23399660112903223,0.016707657919306947
0.73892197730095133,0.18473049432523783,0.0,0.076347528373810869
0.30319824357204939,0.19892507416292252,0.46151638303826731,0.036360299226760942
0.3244159834607499,0.48662397519112482,0.16122486650679513,0.027735174841330264
0.54466062337858046,0.08648472849340752,0.34991594860809555,0.01893869951991646
0.34521626872311983,0.5178244030846797,0.0,0.13695932819220044
0.68756807691841559,0.1718920192296039,0.0,0.14053990385198054
0.68363470661411574,0.20092976058924342,0.069972287991981477,0.045463244804659547
0.87335252083413062,0.0,0.098231483754362914,0.028415995411506457
0.51302943579968008,0.34201962386645346,0.0,0.14495094033386643
0.45446825381931499,0.18587275576938611,0.3539437348527954,0.0057152555585036416
0.84001107341770342,0.0,0.12211717013641794,0.037871756445878618
0.67842987878038685,0.12036265284824861,0.17909081063227322,0.022116657739091286
0.6182399329628594,0.22658733799698172,0.11526621061624448,0.03990651842391435
0.91888345536396443,0.0,0.0,0.081116544636035584
0.61569308902765696,0.15392327225691424,0.15911166466251575,0.071271974052913162
0.47489300615253732,0.29713971282786533,0.17029813237477215,0.057669148644825204
0.3643667867955972,0.54655018019339574,0.0,0.089083033011007062
0.62977729507620817,0.15744432376905204,0.18844805477929161,0.024330326375448016
0.43990593597248129,0.15090385546982046,0.38468511168342423,0.024505096874274091
0.41530791930931676,0.21874467904425651,0.33485928762800254,0.031088114018424203
0.53320463188225964,0.35546975458817315,0.0,0.11132561352956716
0.87797164993067456,0.0,0.0,0.12202835006932544
0.72972726915022579,0.11417091954345103,0.096771362403053798,0.059330448903269321
0.47196345641479581,0.22370320422818979,0.23932842053206815,0.065004918824946328
0.91304941305872389,0.0,0.0,0.086950586941276109
0.33794173357318025,0.50691260035977037,0.0,0.15514566606704935
0.35149383424848696,0.52724075137273041,0.0,0.12126541437878267
0.38446995922525207,0.33893452584150341,0.21873152435125076,0.057863990581993763
0.38030134354319434,0.18611390203122463,0.37424622088594206,0.059338533539638916
0.57791933974904286,0.17761418180252908,0.21698813988303042,0.027478338565397765
0.53807044020717487,0.3587136268047833,0.0,0.10321593298804171
0.63445838800885068,0.16889131823708062,0.14977297754906227,0.046877316205006368
0.53956820370343672,0.35971213580229117,0.0,0.10071966049427222
0.53484578760348911,0.13371144690087228,0.29704041567392553,0.034402349821712988
0.52378092293659262,0.34918728195772847,0.0,0.12703179510567883
0.70650471588710828,0.17662617897177707,0.0,0.11686910514111473
0.52778672486731759,0.3518578165782118,0.0,0.12035545855447059
0.52466253031679988,0.34977502021119999,0.0,0.12556244947200015
0.27612768279717148,0.41419152419575717,0.29136964632734769,0.018311146679723524
0.40873789581854153,0.31281441682089245,0.23144736096038263,0.047000326400183284
0.37189665481538181,0.55784498222307266,0.0,0.070258362961545487
0.58796501197632056,0.086365278354638822,0.31299499848620876,0.012674711182831854
0.44512650711506668,0.12104514471529622,0.42458111024530892,0.0092472379243282148
0.35350507874163944,0.53025761811245908,0.0,0.11623730314590147
0.36405659668126761,0.54608489502190138,0.0,0.089858508296831119
0.83987603682885181,0.06108419141753018,0.064566139121931376,0.03447363263168652
0.54273396580365552,0.36182264386910373,0.0,0.095443390327240668
0.92887668101763343,0.0,0.036924463788314793,0.034198855194051726
0.55148057030714059,0.36765371353809378,0.0,0.080865716154765566
0.60165756248520341,0.15041439062130085,0.21502846320973018,0.032899583683765672
0.50461538505621073,0.27427797816702465,0.17853264342476599,0.042573993351998546
0.34295474623949906,0.22863649749299939,0.39870696357171842,0.029701792695783193
0.73654033892663662,0.18413508473165915,0.0,0.079324576341704353
0.72457979184533494,0.18114494796133374,0.0,0.094275260193331364
0.36328317813855504,0.54492476720783256,0.0,0.09179205465361244
0.72343306348298253,0.18085826587074563,0.0,0.095708670646271907
0.76905811297058302,0.13604023460477838,0.071191146025267174,0.023710506399371237
0.57171160262512144,0.14033814642346432,0.28410065706143423,0.003849593889980193
0.42573347767656189,0.15120834310989301,0.40784416054703504,0.015214018666509907
0.58925441179068816,0.17825976476903416,0.20035543830172373,0.032130385138553874
0.36673140554161071,0.22187973118897636,0.39693321090366185,0.014455652365750913
0.52518424110153361,0.35012282740102246,0.0,0.1246929314974439
0.71739343907517428,0.11387332272230703,0.14237082966579179,0.026362408536726705
0.73434758722241111,0.18358689680560278,0.0,0.082065515971986205
0.58035436151660469,0.14508859037915117,0.26169153807111067,0.012865510033133427
0.59098763957259903,0.20459285255613915,0.17315598682194203,0.031263521049319766
0.66309382033631037,0.1229122338302969,0.18852892595672194,0.02546501987667062
0.26168960192184149,0.39253440288276226,0.32906561052591166,0.01671038466948473
0.64491057480064484,0.16122764370016121,0.17333166521953777,0.020530116279656181
0.68167309885594851,0.11858805905422468,0.17184302146079308,0.027895820629033743
0.55558861011512151,0.15344110180101259,0.24781838557673264,0.043151902507133209
0.55804967480165435,0.15434660681991791,0.25104831073609962,0.036555407642328321
0.31742281428249569,0.32612681430611973,0.34211001998821999,0.01434035142316448
0.71347345537578821,0.17836836384394705,0.0,0.10815818078026479
0.52316210479239911,0.34877473652826607,0.0,0.12806315867933479
0.6365814877456214,0.15469866966437157,0.20034173389144877,0.0083781086985583487
0.53814856913274223,0.35876571275516156,0.0,0.10308571811209624
0.67553065715704641,0.12659988956218313,0.17427041080175643,0.023599042479014277
0.71639568724296254,0.17909892181074064,0.0,0.10450539094629684
0.9354339767266201,0.0,0.0,0.06456602327337993
0.38237695853846632,0.57356543780769942,0.0,0.044057603653834224
0.35111848222242759,0.52667772333364138,0.0,0.12220379444393099
0.54878778351274637,0.36585852234183097,0.0,0.085353694145422612
0.4716137815530434,0.20476065496827611,0.26645422593805224,0.057171337540628413
0.70187736701428649,0.17546934175357162,0.085962204025163372,0.036691087206978529
0.36187243852293727,0.20115827595257385,0.39539603579452637,0.041573249729962507
0.49081294026336614,0.23261626168871707,0.22364985555543163,0.052920942492485093
0.7252460594245278,0.11202304745320185,0.11777843457670255,0.044952458545567758
0.7048011304054731,0.17620028260136827,0.0,0.11899858699315863
0.72822654305101553,0.18205663576275388,0.0,0.089716821186230714
0.54072795275848928,0.36048530183899291,0.0,0.098786745402517806
0.52707262104516983,0.1785591913474357,0.27204724083623338,0.022320946771161219
0.72434523632853376,0.18108630908213344,0.0,0.094568454589332787
0.69897609709261488,0.17474402427315372,0.0,0.12627987863423137
0.90470741040890268,0.0,0.0,0.095292589591097349
0.54657455309252123,0.36438303539501415,0.0,0.089042411512464628
0.35543331732467143,0.53314997598700709,0.0,0.11141670668832149
0.37430897347549252,0.25083632293435276,0.35316566382844478,0.021689039761709841
0.36252345505178935,0.54378518257768393,0.0,0.093691362370526679
0.64071390189044919,0.1601784754726123,0.13556347579112449,0.06354414684581422
0.40311592071618185,0.26874394714412125,0.26584595895550001,0.062294173184196958
0.49687423084192611,0.25897614952392739,0.20148661130359752,0.042663008330549007
0.55425996964037239,0.369506646426915,0.0,0.07623338393271259
0.52735835314318458,0.28514563868261739,0.17126797081459991,0.016228037359598244
0.92199955338607986,0.0,0.0,0.078000446613920096
0.36102189902105963,0.54153284853158934,0.0,0.097445252447351013
0.70408149498177419,0.17602037374544355,0.0,0.11989813127278222
0.67459591609803227,0.16864897902450807,0.11227098210761288,0.044484122769846694
0.73760310157591313,0.15312598245186079,0.082723651103841903,0.026547264868384227
0.69330581973527272,0.17332645493381818,0.0,0.13336772533090918
0.71640283439079555,0.17910070859769889,0.0,0.1044964570115057
0.3751135804155416,0.34713586533790808,0.22829617385226536,0.049454380394285
0.63274361235922583,0.1179982554432011,0.23184824279714777,0.017409889400425298
0.53633371440748756,0.35755580960499173,0.0,0.10611047598752076
0.73289452037583536,0.18322363009395884,0.0,0.083881849530205776
0.64913709649331119,0.1622842741233278,0.15537449095950964,0.033204138423851122
0.55369186586818475,0.36912791057878985,0.0,0.077180223553025395
0.54541827315281455,0.3636121821018764,0.0,0.090969544745309078
0.36063257081161632,0.54094885621742439,0.0,0.098418572970959239
0.74983348813891304,0.18745837203472826,0.0,0.062708139826358769
0.484851607668421,0.32323440511228074,0.12734265046268767,0.064571336756610531
0.34764980763557596,0.52147471145336388,0.0,0.13087548091106013
0.53573305747015076,0.35715537164676725,0.0,0.10711157088308201
0.60232094417794291,0.1349354711237345,0.24449208704244349,0.018251497655878975
0.53104413133275885,0.35402942088850597,0.0,0.11492644777873517
0.35086087300515589,0.52629130950773373,0.0,0.12284781748711034
0.64791831997772897,0.16197957999443224,0.13244730945431524,0.057654790573523594
0.30732688497009902,0.46099032745514851,0.1703042533192938,0.061378534255458715
0.89873529888728543,0.0,0.0,0.10126470111271453
0.54982203942774877,0.36654802628516586,0.0,0.083629934287085428
0.57422528431091169,0.13607952734168352,0.28318089819060399,0.0065142901568008412
0.2523622492684014,0.37854337390260201,0.33843550540148049,0.030658871427516065
0.49481043380822243,0.16958150229454483,0.31080057306345732,0.024807490833775318
0.71515841524759893,0.17878960381189973,0.0,0.10605198094050139
0.49235203658478138,0.27952889755232158,0.19283608165621302,0.035282984206683903
0.52978403020802756,0.35318935347201841,0.0,0.11702661631995398
0.56725647458192507,0.37817098305461672,0.0,0.054572542363458154
0.55115593238371607,0.36743728825581073,0.0,0.081406779360473233
0.73539589979604791,0.0,0.22340443737097776,0.041199662832974299
0.55774990815953629,0.08444756344743945,0.34668610272801781,0.011116425665006457
0.75315455215926475,0.18828863803981619,0.0,0.058556809800919152
0.34977751743506141,0.52466627615259209,0.0,0.12555620641234652
0.54029192877382182,0.36019461918254791,0.0,0.099513452043630268
0.62851755417790045,0.13931435598080913,0.21971339352126076,0.012454696320029948
0.51150368280160852,0.34100245520107242,0.0,0.14749386199731904
0.63192361229050908,0.13135331496053998,0.2180847571689119,0.018638315580038919
0.70808031139002736,0.17702007784750684,0.0,0.11489961076246576
0.52571971851739108,0.35047981234492742,0.0,0.12380046913768149
0.42162329446935803,0.19546997733040106,0.35247596603789605,0.030430762162344718
0.73384581242858771,0.18346145310714693,0.0,0.082692734464265352
0.60564836255637167,0.18674967578802798,0.18452557803814776,0.023076383617452567
0.7389092907371686,0.18472732268429215,0.0,0.076363386578539333
0.71389582781880867,0.17847395695470217,0.0,0.10763021522648919
0.39717413220394338,0.22267087735302316,0.34931047516774583,0.030844515275287601
0.89734780612974296,0.0,0.074291697846469829,0.028360496023787089
0.36084502302136379,0.54126753453204557,0.0,0.097887442446590645
0.71612731953891295,0.017418649526889225,0.23996884262238788,0.026485188311810036
0.75864533327340644,0.060012584866497722,0.17234618635354498,0.0089958955065509195
0.36973516654339811,0.55460274981509705,0.0,0.075662083641504882
0.76534990755896926,0.064893068765710743,0.1526022913730497,0.017154732302270371
0.45832410859565353,0.30554940573043571,0.20765919632436119,0.028467289349549531
0.36389986451252637,0.54584979676878953,0.0,0.090250338718684139
0.55714341793224287,0.37142894528816195,0.0,0.071427636779595141
0.48473650336833218,0.12118412584208305,0.33636678497800537,0.057712585811579321
0.51695839092338036,0.23632537107356541,0.20924048176820217,0.037475756234852046
0.61724542070494104,0.10208484296692491,0.26685484083499705,0.013814895493136973
0.7261023959921491,0.18152559899803727,0.0,0.092372005009813671
0.55017437587457274,0.36678291724971523,0.0,0.083042706875711969
0.42489274582800274,0.28326183055200183,0.25730938186492569,0.03453604175506985
0.56253558269805992,0.37502372179870669,0.0,0.062440695503233369
0.24443385675300808,0.3666507851295121,0.36063930678951195,0.028276051327967944
0.64459236363590411,0.16114809090897603,0.15498191907365919,0.039277626381460741
