0.11303557301472104,0.16955335952208156,0.59909358878843388,0.11831747867476367
0.25500129360719448,0.0,0.67744952912392353,0.067549177268881974
0.089025027898476425,0.1335375418477146,0.68535770956691611,0.092079720686892866
0.11615627228285327,0.1742344084242799,0.6050730573865073,0.10453626190635945
0.11454319681174689,0.1718147952176203,0.56493257015772991,0.14870943781290288
0.13405824828478852,0.20108737242718278,0.63441838285024921,0.030435996437779458
0.12550867322884288,0.18826300984326425,0.60915362509658666,0.077074691831306233
0.26247568848619762,0.13096632764106694,0.57100524004141429,0.035552743831320968
0.28438033341791491,0.045891088087404976,0.59630511945475873,0.073423459039921299
0.11457746992004243,0.17186620488006366,0.62915182319932028,0.084404502000573645
0.11103192251078614,0.16654788376617918,0.63701768034777195,0.08540251337526282
0.11652963308246062,0.1747944496236909,0.59958124446985916,0.10909467282398944
0.12154608614817175,0.1823191292222576,0.59343060367320555,0.10270418095636509
0.23627555191537461,0.0,0.64515272737023555,0.1185717207143898
0.3519771537876103,0.0,0.51320978055344102,0.13481306565894866
0.10129763701056856,0.15194645551585281,0.59081981518556648,0.15593609228801211
0.29696208514626055,0.0,0.65902678592526032,0.044011128928479193
0.10700300233599032,0.16050450350398546,0.5929420886311676,0.13955040552885656
0.1169098888504939,0.17536483327574084,0.6357446526261491,0.071980625247616212
0.31382788811443135,0.05138223307352198,0.58182930183662007,0.052960576975426672
0.30189370608806526,0.0,0.63219997830482766,0.065906315607107024
0.11245003147123753,0.16867504720685625,0.6078331041778875,0.11104181714401869
0.1551802025839446,0.23277030387591688,0.55002636034889796,0.06202313319124058
0.1110117164026125,0.16651757460391872,0.5680322826331855,0.15443842636028329
0.32854954657293356,0.050396726651054456,0.57522841301175986,0.045825313764252147
0.12165342594157186,0.18248013891235776,0.61068314358058762,0.085183291565482724
0.12212612798653225,0.18318919197979835,0.63102930058967621,0.063655379443993132
0.36143339852594558,0.0,0.52085385993634448,0.1177127415377099
0.17894671498379791,0.0,0.70052622905416229,0.12052705596203983
0.25574620381518787,0.1584736852015923,0.54402579766789505,0.041754313315324643
0.12012701027272323,0.18019051540908479,0.61810250697118807,0.081579967347003901
0.26748517551011791,0.0,0.6236315194988038,0.10888330499107823
0.29490604094001222,0.0,0.62822153568956152,0.07687242337042631
0.099399445202179124,0.14909916780326868,0.70908139020008143,0.042419996794470713
0.22448812808008789,0.1209329714254645,0.60769198017548387,0.046886920318963868
0.18589720122195874,0.075755998555658483,0.70884302628278262,0.029503773939600093
0.12589705500170786,0.18884558250256175,0.61164324607428677,0.073614116421443596
0.073901045789204423,0.11085156868380662,0.71334141139692253,0.10190597413006637
0.29123400736966565,0.0,0.63553541259214752,0.073230580038186818
0.11697336661749846,0.1754600499262477,0.58123489687449714,0.12633168658175672
0.11916826972742578,0.17875240459113867,0.61520166208089611,0.086877663600539404
0.0635262049988356,0.095289307498253387,0.74458167243804541,0.096602815064865621
0.12380960319857913,0.18571440479786869,0.62352549962701198,0.066950492376540188
0.19679577718412025,0.0,0.68801495852790795,0.11518926428797178
0.11310923812247489,0.16966385718371232,0.58925144939743845,0.1279754552963743
0.31269038055279647,0.0,0.57539265980331633,0.11191695964388713
0.085177314836972329,0.12776597225545849,0.66305599352659628,0.12400071938097285
0.21641473422247559,0.0,0.66908049245426005,0.11450477332326432
0.32444679322781045,0.0,0.56572026084985949,0.10983294592233006
0.11355847258421405,0.17033770887632105,0.60864554094910228,0.1074582775903626
0.12149561774345322,0.18224342661517981,0.59477957707609974,0.10148137856526725
0.25585548613268266,0.0,0.61911953073724635,0.1250249831300709
0.070350047171038571,0.10552507075655783,0.71971724427003769,0.10440763780236589
0.23976913193300234,0.11342189643107016,0.61185372157053941,0.034955250065388258
0.35351733670808011,0.0,0.51845752471023199,0.12802513858168782
0.07255069991507386,0.10882604987261077,0.68590351075802325,0.13271973945429208
0.1217185103100005,0.18257776546500076,0.64524299609114943,0.050460728133849435
0.29380378869524387,0.0,0.63716561482062251,0.069030596484133677
0.077767600798910833,0.11665140119836623,0.75280199595748409,0.052779002045238776
0.23578412143553951,0.0,0.69381171220936388,0.070404166355096567
0.35817009273074069,0.0,0.56420212083371113,0.077627786435548102
0.079611710744158071,0.11941756611623708,0.70021704948536168,0.10075367365424313
0.12382908512401587,0.18574362768602379,0.60020816560601764,0.090219121583942685
0.12779971491567749,0.19169957237351623,0.62093796424779746,0.05956274846300888
0.20883216069154764,0.0,0.68721906737452554,0.10394877193392688
0.26973661365725848,0.0,0.59669208280254304,0.13357130354019844
0.2284554263192202,0.0,0.63539417842203405,0.1361503952587457
0.24993000096653689,0.0,0.67152760387777266,0.078542395155690475
0.11857051596628612,0.1778557739494292,0.59721361242440374,0.10636009765988097
0.26884683451793989,0.0,0.65462126388076292,0.076531901601297192
0.12020875781778782,0.1803131367266817,0.60931351535883105,0.090164590096699457
0.12045125981470844,0.18067688972206267,0.62325014110950883,0.075621709353720007
0.13651122961900428,0.20476684442850637,0.59948386584641444,0.059238060106074929
0.11563063684593622,0.1734459552689043,0.60287661737294185,0.10804679051221769
0.11234150528771097,0.16851225793156643,0.59506030430233414,0.12408593247838839
0.25642632551670197,0.0,0.62582591308504365,0.11774776139825444
0.12073165909759782,0.18109748864639674,0.62046269185779745,0.077708160398207937
0.067046318541535463,0.10056947781230317,0.74559824668131314,0.08678595696484831
0.28822658494635939,0.0,0.65046905409207711,0.061304360961563442
0.28105685783800488,0.0,0.65918573904450628,0.059757403117488922
0.29646882994986068,0.0,0.63644918110837689,0.067081988941762427
0.11866989815126187,0.17800484722689278,0.6500610667049268,0.053264187916918608
0.063568694583952562,0.095353041875928829,0.75999689615164989,0.081081367388468689
0.1244029042320836,0.18660435634812536,0.62565724590002503,0.063335493519766084
0.1213031992967368,0.18195479894510519,0.61112958098538805,0.085612420772769982
0.25968985703987013,0.066022073123632272,0.60372135492072398,0.070566714915773571
0.10626936411381251,0.15940404617071871,0.65566804676341095,0.078658542952057917
0.11543563402756424,0.17315345104134636,0.6447606816788517,0.066650233252237692
0.29659372349074475,0.0,0.60137995290119173,0.10202632360806348
0.23418965122866753,0.0,0.67735587100175176,0.088454477769580708
0.25898538759447165,0.041303707234535747,0.6537096465361516,0.046001258634841155
0.31264674685673188,0.038956276356893561,0.6046439645447812,0.043753012241593288
0.1240418128467336,0.1860627192701004,0.62268372115662818,0.067211746726537874
0.23465534681040903,0.12574330660433639,0.60554983122286221,0.034051515362392218
0.12827544840058255,0.19241317260087382,0.58700727041996825,0.092304108578575461
0.10548539018432676,0.15822808527649013,0.6184066737259859,0.11787985081319724
0.11654758611571314,0.17482137917356971,0.58711306463187596,0.12151797007884124
0.26208281610956724,0.0,0.63930717199342613,0.09861001189700673
0.11890996966427089,0.17836495449640632,0.66330614352762296,0.039418932311699816
0.37932609423530056,0.039152988900970902,0.52927415579452186,0.052246761069206622
0.10506114916799486,0.15759172375199226,0.61075135745704967,0.12659576962296315
0.11679663905093914,0.17519495857640868,0.59901304401131428,0.10899535836133789
0.24223845240338726,0.0,0.64824269949075641,0.10951884810585631
0.23518475791253629,0.0,0.65118322537627082,0.11363201671119288
0.1104049978888426,0.1656074968332639,0.6355882807634764,0.088399224514417091
0.11762703992444626,0.17644055988666937,0.6290880411295573,0.07684435905932703
0.082909370250487821,0.12436405537573172,0.67354494250187924,0.11918163187190119
0.31512371267590039,0.046785993539477828,0.57995696957142107,0.058133324213200797
0.12529307810093351,0.18793961715140023,0.60522954879352242,0.081537755954143976
0.18726079811129667,0.077836885479487722,0.68706327299468928,0.047839043414526342
0.28060421893573023,0.0,0.62333081506957255,0.096064965994697174
0.13533834025227554,0.20300751037841328,0.61238705541521044,0.049267093954100762
0.24733598512742583,0.0,0.74397724899669182,0.0086867658758823744
0.066182376152456965,0.099273564228685454,0.72991400331095957,0.104630056307898
0.27489281894240802,0.0,0.62342636328008083,0.1016808177775111
0.086576978158421788,0.12986546723763265,0.67975467347305374,0.10380288113089171
0.11742891990105588,0.17614337985158379,0.61086442467809798,0.095563275569262349
0.30785115026484472,0.050740353127152651,0.58513894842810488,0.05626954817989769
0.25644490310223811,0.12191803768359601,0.59181277167658874,0.029824287537576995
0.084115808191108546,0.1261737122866628,0.7319753148921353,0.0577351646300934
0.20040953063542505,0.1463567684949503,0.62120114627248801,0.032032554597136338
0.12175829388591902,0.18263744082887848,0.6148758930490088,0.080728372236193724
0.11921542075392744,0.17882313113089113,0.59636481477799674,0.10559663333718471
0.26306496414445102,0.13715024526074363,0.56446755171417795,0.035317238880627502
0.11289014560477106,0.1693352184071566,0.58781460140225839,0.12996003458581398
0.22843691951824777,0.0,0.6898496930272825,0.081713387454469752
0.27209232508316272,0.21328090915696474,0.49322097290271394,0.021405792857158549
0.20280534075906378,0.0,0.69775090542423479,0.099443753816701466
0.22260494892798455,0.0,0.65439115232551803,0.12300389874649741
0.1234963594492115,0.18524453917381725,0.60029000329594695,0.090969098081024255
0.24080597449872956,0.13679329614554758,0.58212911008948731,0.040271619266235348
0.11340258754204811,0.17010388131307216,0.66444951646505179,0.052044014679827853
0.11960932794327515,0.1794139919149127,0.60316954316817162,0.097807136973640574
0.23916576906582171,0.047171389098156852,0.65272615665673295,0.060936685179288581
0.10776885997433447,0.16165328996150166,0.59935297861165693,0.13122487145250694
0.11782259646124466,0.17673389469186698,0.59981119200865896,0.10563231683822934
0.25865386539202379,0.0,0.64997746519040311,0.091368669417573004
0.11107202212131895,0.16660803318197839,0.58967044365858134,0.13264950103812131
0.12270751635648507,0.18406127453472756,0.63379938077225872,0.059431828336528762
0.11725002987696205,0.17587504481544305,0.60400865952085925,0.10286626578673566
0.18353781670786062,0.0,0.69579629613881766,0.12066588715332172
0.1048954504773129,0.15734317571596934,0.61221952629877507,0.12554184750794276
0.11775662398551524,0.17663493597827284,0.62851484635164168,0.077093593684570222
0.28978165160390756,0.0,0.61157442792058481,0.098643920475507574
0.10575396357095265,0.15863094535642897,0.57786615057874458,0.15774894049387381
0.27520027795716973,0.0,0.63102272623705913,0.093776995805771188
0.12093830561619096,0.18140745842428643,0.63125473640961061,0.066399499549911964
0.25911853540881236,0.0,0.63544088810293098,0.10544057648825669
0.11606876079861743,0.17410314119792611,0.59740582113368779,0.11242227686976869
0.31196654960568049,0.0,0.56921401594706145,0.11881943444725807
0.12952312817309947,0.19428469225964914,0.63542049161879544,0.040771687948456134
0.11331984611273105,0.16997976916909655,0.60059594135345717,0.1161044433647152
0.12277751725215234,0.18416627587822851,0.62425913360885388,0.068797073260765257
0.11822242987265774,0.17733364480898658,0.6391965352051886,0.065247390113167006
0.11960659651300334,0.17940989476950503,0.61607260731436264,0.084910901403128985
0.23108645208944745,0.0,0.6959551967211961,0.072958351189356493
0.29846926512275251,0.11816084160426514,0.54354467753967983,0.039825215733302541
0.23246602828750171,0.0,0.68100525828551561,0.086528713426982637
0.28958350828260987,0.0,0.59811789674000526,0.11229859497738481
0.27014500915249529,0.0,0.66271113371342594,0.067143857134078749
0.10819278186165419,0.16228917279248126,0.63656725436471728,0.092950790981147322
0.12959327759736791,0.19438991639605183,0.62676285482020921,0.04925395118637102
0.24459098610587512,0.0,0.66252949588900478,0.092879518005120093
0.12347079892409155,0.18520619838613728,0.61984165603236652,0.071481346657404632
0.11740781438915456,0.17611172158373181,0.58709083450047361,0.11938962952663996
0.26503517339622429,0.054654214220715862,0.62845308583653348,0.051857526546526429
0.29995796349875237,0.0,0.59060167030814426,0.10944036619310338
0.16938541257190165,0.0,0.69960583290749057,0.13100875452060778
0.14205835893184807,0.21308753839777209,0.58607393823770437,0.058780164432675627
0.11813554140729869,0.177203312110948,0.59640615563357191,0.10825499084818149
0.16040479657853832,0.0,0.73306779920209664,0.106527404219365
0.27243183044086555,0.045345108119514241,0.60994260498530717,0.072280456454312983
0.074226278991375128,0.11133941848706266,0.69904601795001264,0.11538828457154962
0.22698092085392207,0.0,0.64706624652542233,0.12595283262065557
0.13161054324118521,0.19741581486177781,0.59352340387262081,0.077450238024416224
0.24865844501341297,0.0,0.66082693889273059,0.090514616093856456
0.23519463987554526,0.10508795661536346,0.6255379638362274,0.034179439672863812
0.21816436305844253,0.14174042435395487,0.6060215577633834,0.034073654824219458
0.080044541372379679,0.12006681205856951,0.7204203667854242,0.079468279783626625
0.26926701989550761,0.0,0.63313401357367471,0.097598966530817677
0.063886590315431924,0.095829885473147872,0.72024615531323799,0.12003736889818223
0.202057832479654,0.0,0.66792670687945399,0.13001546064089195
0.24152370172912319,0.05838468189571476,0.64807246239605532,0.052019153979106773
0.22410777859175079,0.0,0.66592004674127281,0.1099721746669764
0.12088075280809706,0.18132112921214558,0.58268826714000832,0.11510985083974899
0.2128847693182358,0.0,0.69177010872631306,0.095345121955451112
0.21402933233567278,0.12090510306700766,0.63098467930821089,0.034080885289108534
0.12866169474964528,0.1929925421244679,0.64262263661246932,0.03572312651341731
0.13172851976312638,0.19759277964468955,0.60345802588254827,0.067220674709635997
0.25177374447281969,0.0,0.62944892293022758,0.11877733259695283
0.28877845198915536,0.0,0.64299367975613309,0.068227868254711457
0.14896023784241308,0.22344035676361959,0.58230867434132172,0.045290731052645673
0.11452990661107859,0.17179485991661786,0.61714015914648157,0.096535074325821923
0.26179952645589605,0.0,0.68383251965073322,0.054367953893370659
0.066856787090493294,0.10028518063573992,0.7535616269511376,0.079296405322629271
0.3020479279578504,0.036861245696962724,0.61949658779110417,0.041594238554082869
0.11473684138246951,0.17210526207370422,0.60578827396141166,0.10736962258241455
0.28596685728906623,0.0,0.64872903676192861,0.065304105949005112
0.11143935224263492,0.16715902836395236,0.60269379005511681,0.11870782933829596
0.11813157151019282,0.17719735726528923,0.60219156390992978,0.10247950731458816
0.12038522875545127,0.1805778431331769,0.60478794682489334,0.094248981286478531
0.19396989617828289,0.2909548442674243,0.48488528455804281,0.030189974996250139
0.11252284518693094,0.1687842677803964,0.63068972532625411,0.088003161706418614
0.27751718162285077,0.0,0.61604378911960089,0.10643902925754832
0.18738976442039984,0.0,0.67009565981124775,0.14251457576835236
0.24201695821656016,0.0,0.66525964419648809,0.092723397586951778
0.12201856105599805,0.18302784158399707,0.59945965934187351,0.095493938018131372
0.11917172560920587,0.17875758841380879,0.63930278127251439,0.062767904704470939
0.11526101276434393,0.17289151914651588,0.61805318824878208,0.093794279840358069
0.27153933182998147,0.0,0.64025932754772863,0.088201340622289959
0.11838195478828979,0.1775729321824347,0.64746271292472091,0.056582400104554703
0.23236186893620334,0.0,0.70992950189071302,0.057708629173083642
0.21128292883400995,0.11733446079427906,0.6373961729745411,0.033986437397170041
0.13078435481162454,0.19617653221743672,0.61946816599507859,0.053570946975860068
0.37171696614696931,0.0,0.57163034693151749,0.056652686921513234
0.25223092435395411,0.0,0.64537627123213581,0.10239280441391006
0.20454959507155313,0.15230015511158587,0.60414208229504729,0.039008167521813665
0.15127584170415601,0.22691376255623394,0.59069200551090639,0.031118390228703788
0.33287760519646253,0.0,0.54487040628354566,0.12225198851999171
0.28410191845857191,0.0,0.66713659710670425,0.048761484434723862
0.27964134850138589,0.0,0.59368420026913415,0.12667445122947993
0.11700314123830605,0.17550471185745906,0.65477127847765915,0.0527208684265758
0.23765663849784602,0.13800141166824625,0.5869295142940173,0.037412435539890411
0.27611596408934047,0.050096042325803912,0.61959498995947282,0.054193003625382839
0.24943673621310511,0.11034122302528698,0.60412213565338069,0.036099905108227234
0.11705848984268978,0.17558773476403466,0.61723329773414459,0.090120477659130963
0.28155924337593635,0.044583284265096154,0.61584290127825436,0.058014571080713007
0.2274134123315604,0.056246226794054277,0.6723014967471862,0.04403886412719922
0.25765028570875026,0.10503646894099343,0.62218799912386025,0.015125246226396116
0.14907338998114031,0.22361008497171045,0.57163318096120097,0.055683344085948328
0.31339695186257599,0.04282671905268403,0.59351064608347581,0.050265683001264085
0.11659560651241545,0.17489340976862314,0.64241818799859141,0.066092795720370065
0.23049681269380126,0.14487464557506782,0.59214523446451328,0.032483307266617752
0.21592569371046924,0.0,0.66109748784267575,0.12297681844685503
0.23519202377212728,0.11429929112342298,0.61047040011807696,0.040038284986372769
0.12825507582009493,0.19238261373014234,0.61543186608069056,0.063930444369072248
0.20209795522679652,0.0,0.70673366899345147,0.091168375779752037
0.11763827070197808,0.17645740605296706,0.64156149404032903,0.064342829204725796
0.12105469800208409,0.18158204700312611,0.60795828117685891,0.089404973817930888
0.23653852577897824,0.0,0.64975554068649921,0.11370593353452248
0.26437172020864852,0.16832429539893404,0.53594601687402466,0.031357967518392656
0.24766082728623795,0.0,0.61181718825289844,0.14052198446086359
0.11428249454943468,0.17142374182415199,0.64399446202351629,0.070299301602896977
0.11695975779234513,0.17543963668851767,0.58059096146588773,0.12700964405324949
0.2245344140767471,0.0,0.67653488564837949,0.09893070027487344
0.23871728395260811,0.0,0.65474041507167913,0.10654230097571266
0.082515004170377756,0.12377250625556661,0.69143890784120055,0.10227358173285513
0.23418726815464699,0.0,0.71253925850381283,0.05327347334154018
0.14338709724078466,0.21508064586117698,0.58690473962200318,0.054627517276035056
0.51765395625646538,0.0096555174541291689,0.46250145041742186,0.010189075871983498
0.12336808287767306,0.18505212431650958,0.60732536675299009,0.084254426052827319
0.35018300478500103,0.041888879065817536,0.54484104068399897,0.063087075465182413
0.11733514009851037,0.17600271014776553,0.62429050401252983,0.082371645741194405
0.28722333932838079,0.051755804510520212,0.59362308292185395,0.067397773239244951
0.23566520093239651,0.0,0.66708981415545698,0.097244984912146504
0.13173398190521615,0.19760097285782421,0.6239221658438715,0.046742879393088167
0.41747930817253626,0.047690459820602556,0.47916019239907387,0.055670039607787304
0.30678058698279076,0.0,0.60821695882907634,0.085002454188132889
0.25451100044616631,0.054478545340366745,0.64272080735258952,0.048289646860877389
0.17279386840405755,0.25919080260608629,0.53559982450591381,0.032415504483942273
0.23002340432115914,0.067540647434281217,0.66140853549972944,0.041027412744830155
0.11515090577557135,0.17272635866335703,0.59121078180670161,0.12091195375437006
0.11859042777806381,0.1778856416670957,0.58506521461065586,0.11845871594418451
0.24784742418588404,0.0,0.64876319289781315,0.10338938291630284
0.24026137868606623,0.0,0.70189252248519396,0.057846098828739791
0.18928010645909316,0.0,0.7215550002593446,0.089164893281562144
0.15611737307839785,0.23417605961759674,0.5483650002154834,0.061341567088522016
0.11220030475445139,0.16830045713167704,0.60018469919942019,0.11931453891445135
0.11727104692960659,0.17590657039440985,0.6143159010928072,0.092506481583176453
0.12021056230380861,0.18031584345571289,0.61466233980167773,0.084811254438800832
0.24540729086444857,0.0,0.63409150551618798,0.12050120361936345
0.11928059935380378,0.17892089903070565,0.59311405963894792,0.1086844419765427
0.26355047429523681,0.0,0.64578014720019394,0.090669378504569201
0.26901108527322226,0.0,0.62162937994217338,0.10935953478460436
0.19451088681643314,0.0,0.68232845134814235,0.12316066183542451
0.11144272622097161,0.16716408933145741,0.61002744064494152,0.11136574380262942
0.24045310628605615,0.051416158184511659,0.65125632702155622,0.056874408507876222
0.28381047487718358,0.12962784281018386,0.55594660745297664,0.030615074859655811
0.23025288420228993,0.0,0.73093605990367483,0.038811055894035246
0.11976632066688275,0.17964948100032413,0.61375627655017062,0.086827921782622594
0.23315271249736327,0.059943104420024033,0.65565895475766522,0.05124522832494751
0.2608505426127718,0.0,0.58213357679671729,0.15701588059051091
0.25053826099064724,0.16817786718583139,0.54901364545096942,0.032270226372551961
0.26823118612151348,0.0,0.61492076736475099,0.11684804651373559
0.3475954280247498,0.0,0.59542505110391841,0.056979520871331894
0.28828987560703567,0.0,0.59069042551874651,0.12101969887421785
0.12037586340160304,0.18056379510240456,0.59491514634475928,0.10414519515123311
0.13115980609820668,0.19673970914731004,0.61855449417605424,0.053545990578429098
0.27029830525072507,0.0,0.6604755159125687,0.069226178836706273
0.2508093939477038,0.0,0.63366025963213013,0.11553034642016602
0.079579597579249331,0.11936939636887399,0.68984511554806294,0.11120589050381367
0.28717106075387105,0.0,0.60592729216006702,0.1069016470860619
0.24358159914870717,0.0,0.64531551951299004,0.11110288133830276
0.12478703016261899,0.18718054524392849,0.60045579045359743,0.087576634139855059
0.16929192011418664,0.0,0.74243961146801352,0.088268468417799784
0.10925793152215697,0.16388689728323544,0.59705095553899401,0.12980421565561354
0.083711057684579454,0.12556658652686914,0.70057562646556537,0.090146729322986036
0.1238145616432457,0.18572184246486856,0.63498419452547705,0.055479401366408901
0.11067552742544313,0.16601329113816471,0.62687957355539181,0.096431607881000386
0.11142108411583811,0.16713162617375713,0.60971342539039453,0.1117338643200103
0.12296525320296352,0.18444787980444524,0.61955579050689047,0.073031076485700883
0.28887613575758847,0.0,0.58086887112187502,0.13025499312053659
0.1073878913458732,0.16108183701880979,0.60146520014143912,0.13006507149387786
0.11983340518945111,0.17975010778417666,0.62013551930413657,0.080280967722235697
0.11351779684621638,0.17027669526932454,0.59430785260218577,0.12189765528227328
0.25961621964038389,0.0,0.61494268463046153,0.12544109572915452
0.11120774433933368,0.16681161650900053,0.63938600026444381,0.082594638887221947
0.11465190984576745,0.17197786476865115,0.60023548020503292,0.1131347451805485
0.064609068239641812,0.096913602359462697,0.7059147498025562,0.13256257959833931
0.33926396274229204,0.05628188254052055,0.56954041185308291,0.03491374286410457
0.28519831968175569,0.054842433950920096,0.60103309452244236,0.058926151844881938
0.083496344534463154,0.12524451680169471,0.63108339298668326,0.16017574567715892
0.23536814447049614,0.0,0.67513492812543696,0.089496927404066909
0.28682524232380097,0.0,0.6905152744130717,0.022659483263127347
0.11579414172938546,0.17369121259407819,0.60493657676190871,0.10557806891462762
0.074262091910766187,0.11139313786614927,0.71138444108035914,0.10296032914272552
0.11199875141057621,0.16799812711586429,0.63060785441107758,0.089395267062481965
0.11761108696975998,0.17641663045463998,0.58792497590502146,0.11804730667057861
0.11102014987831788,0.16653022481747679,0.57973690069274131,0.142712724611464
0.27626118788957776,0.12495112821065052,0.56627092298199888,0.032516760917772801
0.26987200874308526,0.0,0.63202013887095843,0.098107852385956304
0.25888318398500482,0.0,0.64608499133211239,0.095031824682882876
0.24050911313737711,0.13057922730772017,0.59270067726254438,0.036210982292358293
0.25139920703994945,0.0,0.61405237046514305,0.13454842249490756
0.14845878319772651,0.2226881747965897,0.57360423989464648,0.055248802111037394
0.30205615827855997,0.0,0.58860303644527812,0.10934080527616191
0.11836141328918852,0.17754211993378277,0.59310036889566953,0.11099609788135922
0.42797920846860932,0.020717754583382562,0.5193223766333428,0.031980660314665205
0.11634775752875903,0.17452163629313852,0.65223466138506869,0.056895944793033726
0.11720020074534682,0.1758003011180202,0.62346848766847129,0.083531010468161637
0.26186465863876662,0.0,0.64880114830864721,0.089334193052586122
0.27140543321727034,0.0,0.64430869068424224,0.084285876098487325
0.15055945183197816,0.22583917774796719,0.56063220971740257,0.062969160702652113
0.12185222113924019,0.18277833170886024,0.59559789405818153,0.099771553093718005
0.24501564887280919,0.0,0.6738275868183774,0.081156764308813398
0.11747549814644778,0.17621324721967166,0.60609858530432437,0.10021266932955615
0.073467634916939986,0.11020145237540997,0.73462088057720198,0.081710032130448029
0.11676005346068601,0.17514008019102897,0.66014402421336982,0.047955842134915237
0.11330030435312491,0.16995045652968732,0.62887106529288095,0.087878173824306821
0.33877842384803453,0.033728620268516675,0.57827333750071264,0.04921961838273628
0.1176086169452288,0.1764129254178432,0.60874736836707299,0.097231089269854853
0.11821984880351057,0.17732977320526583,0.59356588062109616,0.11088449737012751
0.29648032070815028,0.052951826802183827,0.59469223917651615,0.055875613313149733
0.26405105420408043,0.12428211395811771,0.57120446976004668,0.040462362077755172
0.21661046603476877,0.075593649760874279,0.66705525608065064,0.04074062812370622
0.069293027563094481,0.1039395413446417,0.73457632747945001,0.092191103612813755
0.1464219706526661,0.21963295597899907,0.59128939260713298,0.042655680761201846
0.27651167611078725,0.16058634544007275,0.53066403574435794,0.032237942704781995
0.12278745023376489,0.18418117535064732,0.61336669082283124,0.079664683592756608
0.07259261856030802,0.10888892784046202,0.71887801410143015,0.099640439497799826
0.11833340421237681,0.17750010631856522,0.65637052207345281,0.047795967395605113
0.10989643591997444,0.16484465387996164,0.60724072749760938,0.11801818270245455
0.20529976110538134,0.1326746032200341,0.6274133438624292,0.034612291812155332
0.11701055675696646,0.17551583513544969,0.60265888174864457,0.10481472635893929
0.10844088425811028,0.16266132638716541,0.62711187956698855,0.10178590978773577
0.068281929611759579,0.10242289441763935,0.71655187079360938,0.11274330517699174
0.12145873636975045,0.18218810455462567,0.62508510221833802,0.07126805685728585
0.26239573797572002,0.14840434292920709,0.55170774712518034,0.037492171969892546
0.10144504276399585,0.15216756414599378,0.67617456886159166,0.070212824228418638
0.27385603800125369,0.0,0.6234382143140681,0.10270574768467822
0.121670169199559,0.18250525379933849,0.62335170287117125,0.072472874129931308
0.25711238736938541,0.0,0.64064845062172071,0.10223916200889385
0.24856201242872802,0.0,0.71646174834663001,0.034976239224642013
0.11047632377673432,0.1657144856651015,0.59768663702373881,0.12612255353442539
0.11241302872999839,0.16861954309499755,0.64068599594443032,0.078281432230573739
0.12011351350073528,0.18017027025110291,0.60275493193822149,0.096961284309940277
0.12053787397093797,0.18080681095640694,0.65821974675001182,0.040435568322643257
0.21034673626700232,0.11927704489093578,0.63549196238280681,0.034884256459255095
0.29705475960326083,0.0,0.64038742296280926,0.06255781743392988
0.1250326747670791,0.18754901215061862,0.58392133891117326,0.10349697417112905
0.11535569961967793,0.17303354942951688,0.60329339495482093,0.10831735599598424
0.11052913727218433,0.1657937059082765,0.56634600053957573,0.15733115627996336
0.24872232799626426,0.0,0.66059788198971114,0.090679790014024625
0.12710170836983756,0.19065256255475629,0.61802252828393633,0.064223200791469814
0.22358066804944676,0.0,0.66196129116120295,0.11445804078935028
0.11693003935312578,0.17539505902968866,0.61278797303358834,0.094886928583597305
0.34535318516964908,0.041109511132655589,0.56446594128593763,0.049071362411757628
0.24580026095273033,0.0,0.61402813922796662,0.14017159981930302
0.078378102704684399,0.11756715405702657,0.72244710199739481,0.081607641240894299
0.27376441524661754,0.0,0.63328568419630937,0.092949900557073042
0.25049572530411063,0.0,0.63651310331251332,0.11299117138337594
0.12063728625998679,0.18095592938998015,0.59661411728882552,0.10179266706120749
0.11290348856639318,0.16935523284958973,0.639388153121495,0.078353125462522016
0.27014473184973758,0.0,0.6183531481914416,0.11150211995882078
0.24321765402743459,0.0,0.68027551789086849,0.076506828081696926
0.077059807997232443,0.11558971199584867,0.70483921250266779,0.10251126750425113
0.19170895462236742,0.062029824595015992,0.69377022481347106,0.052490995969145443
0.25287638365895548,0.1325782211767641,0.58397587427813824,0.030569520886142006
0.29141228007242365,0.15616829283042713,0.51949268461320675,0.032926742483942756
0.33681129643069618,0.0,0.55494846733575165,0.10824023623355217
0.10824615911301409,0.16236923866952113,0.5959633458937349,0.13342125632372995
0.24633254478796657,0.0,0.63781125732033006,0.11585619789170348
0.080060519730930355,0.12009077959639554,0.71848147174983856,0.081367228922835572
0.2508283941059205,0.13097568688047151,0.58520830238455612,0.032987616629051829
0.28072172197897677,0.0,0.62909373512135736,0.090184542899665862
0.070847496346785693,0.10627124452017854,0.69903586208505741,0.12384539704797842
0.11624807693787775,0.1743721154068166,0.61745997055871815,0.091919837096587451
0.11466507725258691,0.17199761587888038,0.61564992727242362,0.097687379596109125
0.27208365406782381,0.0,0.65483769829008998,0.073078647642086297
0.27392201390869991,0.0,0.57137283889322299,0.15470514719807704
0.12491538325597133,0.18737307488395696,0.59349398299126177,0.094217558868809975
0.32889618085340755,0.0,0.6109641536185022,0.060139665528090205
0.13007153504091973,0.19510730256137954,0.62469656509587579,0.050124597301824933
0.24534809208804265,0.046961278195459276,0.6338058845497202,0.073884745166777774
0.24444549326172751,0.070661520241001419,0.64164766866418332,0.043245317833087854
0.25767028603623843,0.0,0.64313549174656981,0.099194222217191791
0.11571947608140497,0.17357921412210742,0.61444481353478952,0.096256496261698105
0.28015970921982847,0.0,0.6258412775834592,0.093999013196712319
0.11890205469283902,0.17835308203925851,0.57768929819666526,0.12505556507123725
0.13361894127524318,0.20042841191286473,0.60914116146960184,0.056811485342290351
0.11105397781547985,0.16658096672321979,0.61333350096903583,0.10903155449226454
0.23900958711437451,0.0,0.64989083332945308,0.1110995795561724
0.12211197649696003,0.18316796474544003,0.58918196069560391,0.10553809806199593
0.21489823936140479,0.0,0.67583349437638107,0.10926826626221414
0.10779354227565381,0.1616903134134807,0.58033812870871948,0.15017801560214591
0.30523989939172835,0.0,0.62040097698857732,0.074359123619694364
0.11657326177046767,0.17485989265570151,0.58583948088541837,0.12272736468841239
0.068207834721103477,0.10231175208165519,0.70633527280008557,0.12314514039715574
0.25623068034830709,0.15041831834902911,0.55781425925987627,0.035536742042787534
0.11962878694210047,0.17944318041315072,0.59246210817570533,0.10846592446904356
0.1202203268988314,0.18033049034824711,0.58669717962553336,0.11275200312738815
0.11983998898616648,0.17975998347924971,0.59987349047304461,0.10052653706153925
0.30333637945851372,0.0,0.59339618482904311,0.10326743571244312
0.11436723634888926,0.17155085452333391,0.61605223522889596,0.098029673898880842
0.19213163242809245,0.0,0.68709482458560478,0.12077354298630288
0.10280285872368514,0.15420428808552772,0.59340016732356171,0.14959268586722552
0.10666355095114778,0.15999532642672165,0.56807848879618272,0.16526263382594786
0.27804689982171066,0.0,0.66578319545844766,0.056169904719841651
0.27248630100570215,0.12361008784364691,0.56923492255942298,0.03466868859122791
0.27628279302492065,0.0,0.64036515185338372,0.083352055121695579
0.2601640822739496,0.059084226849847023,0.6311295938823317,0.049622096993871566
0.2195963590170171,0.0,0.69615077280071425,0.084252868182268639
0.29636382067544731,0.0,0.59721495664676594,0.10642122267778675
0.25828015851907515,0.11688822846279508,0.593004834462456,0.031826778555673875
0.25457752685577306,0.11180266283124402,0.59810272622961358,0.035517084083369274
0.11426563464723787,0.17139845197085679,0.60184712904926152,0.11248878433264385
0.3111391520983316,0.0,0.59267741870885693,0.096183429192811518
0.26242223425113975,0.0,0.63301351679063056,0.10456424895822967
0.11468239698415324,0.17202359547622983,0.58568458463202466,0.1276094229075922
0.11165281162643707,0.16747921743965558,0.59764672877513791,0.12322124215876949
0.26276031022615221,0.056646327473088343,0.62758010528108754,0.053013257019671911
0.15612277843877245,0.23418416765815867,0.56696174164760971,0.042731312255459009
0.26281518924956859,0.039682453881147377,0.65888515973394823,0.038617197135335631
0.10780997666382186,0.16171496499573279,0.61903972823547182,0.11143533010497356
0.28555275971557015,0.050742793000802609,0.60231345880495413,0.061390988478673129
0.11220538810126145,0.16830808215189214,0.61486540326663341,0.104621126480213
0.11653483663255011,0.17480225494882515,0.62216688987742408,0.08649601854120062
0.32393309655421343,0.047493154364643908,0.58842207577277472,0.04015167330836808
0.23249211015497467,0.15255960158386145,0.57923311681932899,0.035715171441834698
0.24480224673306167,0.0,0.66793656373817789,0.087261189528760372
0.27516435302012082,0.0,0.62162226432564027,0.10321338265423885
0.2880746188526232,0.12826084808711841,0.54645030448744758,0.037214228572810711
0.10765378744728131,0.16148068117092193,0.60623364140554048,0.12463188997625635
0.29773605268448172,0.0,0.61053721992508636,0.091726727390431945
0.2473236704407718,0.0,0.66343458167835545,0.089241747880872843
0.24456181886530926,0.0,0.6841737325018552,0.07126444863283557
0.1136691602308549,0.17050374034628235,0.60437313275884552,0.11145396666401725
0.24978598674818611,0.057803886954898055,0.63991877000101849,0.052491356295897268
0.29217759410680605,0.0,0.6372825706414218,0.070539835251772084
0.12054605907539657,0.18081908861309484,0.61834720362159945,0.080287648689909161
0.14178144831443779,0.21267217247165668,0.57937571129831233,0.066170667915593159
0.31633486491254442,0.0,0.61244538813178462,0.071219746955670987
0.10953960579418241,0.16430940869127358,0.61283757979453402,0.11331340572001003
0.23970055882882257,0.0,0.65456228854191978,0.10573715262925765
0.24528714742131263,0.0,0.60004016612292177,0.15467268645576557
0.35320776828703515,0.0,0.58405630787263529,0.062735923840329541
0.11829037681071784,0.17743556521607673,0.60796776070385516,0.096306297269350305
0.11777042090307391,0.17665563135461085,0.58644488611610002,0.11912906162621534
0.11874303300171259,0.17811454950256886,0.60442513512702323,0.0987172823686953
0.21417696255805307,0.0,0.69158705941158249,0.094235978030364376
0.07255063926527798,0.10882595889791696,0.72247802407791906,0.096145377758886014
0.32977160055546517,0.057441673855956846,0.55784739792614657,0.054939327662431356
0.10491470763484501,0.15737206145226748,0.61052605605761501,0.12718717485527251
0.27012082027254392,0.0,0.63228551475023831,0.097593664977217817
0.15985881344463082,0.0,0.73643838437545228,0.10370280217991686
0.32778158589556078,0.057998129138996463,0.57355324219841108,0.040667042767031661
0.083165286205580724,0.1247479293083711,0.69866309124020254,0.093423693245845707
0.11272116376400114,0.16908174564600167,0.60786803764793462,0.11032905294206269
0.14038675363025163,0.21058013044537743,0.59854134870044973,0.050491767223921111
0.12213867929885314,0.18320801894827971,0.59924914343526225,0.095404158317604904
0.30062621853493349,0.0,0.62879287657151228,0.070580904893554161
0.077647114048116916,0.11647067107217537,0.71810555190101288,0.087776662978694742
0.22694861760398319,0.15669372828955916,0.57908095784899383,0.037276696257463826
0.13393426822113738,0.20090140233170603,0.61290463407077611,0.052259695376380519
0.25512432377859467,0.176803369109436,0.53439229522701037,0.033680011884958935
0.1119869376935284,0.16798040654029259,0.59922389450487112,0.12080876126130786
0.22342323451147644,0.19995788706363379,0.55566656709520146,0.02095231132968816
0.10791992430672824,0.16187988646009235,0.59573554431308184,0.1344646449200976
0.34640931639976807,0.0,0.58041712353704422,0.073173560063187634
0.1163227887633647,0.17448418314504704,0.58335569652517549,0.12583733156641283
0.29818120813783106,0.0,0.61292388126608521,0.088894910596083801
0.12287448529169166,0.18431172793753747,0.60474408522777701,0.088069701542993928
0.10635903952292824,0.15953855928439237,0.60170818479422006,0.13239421639845933
0.094366057109277174,0.14154908566391575,0.73158868584071213,0.032496171386094883
0.11107734275345872,0.16661601413018806,0.59728355663132726,0.12502308648502589
0.24100320099544298,0.0,0.6615238386528246,0.097472960351732404
0.11932432023862025,0.17898648035793036,0.59285796746793928,0.10883123193550998
0.23261538066890278,0.0,0.65525735658655748,0.11212726274453973
0.12378666912992686,0.18568000369489029,0.63390570123094758,0.056627625944235163
0.11243663634036113,0.16865495451054174,0.67586736942893111,0.04304103972016593
0.24091704514890941,0.0,0.66641860046696044,0.092664354384130135
0.23624563550885852,0.0,0.61630116366237142,0.14745320082877009
0.30162929533770161,0.0,0.61468094426492448,0.083689760397373969
0.15549451789937538,0.23324177684906303,0.55159555534070703,0.059668149910854576
0.17524628540252793,0.0,0.72618808842562033,0.098565626171851717
0.062037637893437983,0.093056456840156954,0.73583579402103094,0.10907011124537414
0.23921381207269082,0.12611029928578105,0.59126696105860044,0.043408927582927713
0.1591144303168594,0.23867164547528902,0.54925558553104525,0.052958338676806299
0.23361965850901922,0.0,0.6886390737081638,0.077741267782817022
0.27238608261767266,0.0,0.62140125530537949,0.10621266207694778
0.14762802627452623,0.22144203941178933,0.58258151319699214,0.048348421116692256
0.11985267582078803,0.17977901373118202,0.56011184469265651,0.14025646575537346
0.1241947593500401,0.18629213902506014,0.61695818739877872,0.072554914226121064
0.11309726981205506,0.16964590471808258,0.56931076149248572,0.1479460639773767
0.06035047916184192,0.09052571874276287,0.74977929003453525,0.09934451206085998
0.070746564095425457,0.10611984614313819,0.73065788335884985,0.092475706402586483
0.21749476102437049,0.0,0.71060624904897007,0.071898989926659454
0.074067762503572041,0.11110164375535805,0.7577530689003954,0.057077524840674569
0.24565716759231296,0.0,0.65304066945998085,0.10130216294770618
0.20511415428958599,0.0,0.67839903137575963,0.11648681433465431
0.27604330270180638,0.0,0.64599910432892726,0.077957592969266354
0.13542434378237939,0.20313651567356902,0.61428040819615581,0.047158732347895763
0.12668366262631306,0.19002549393946955,0.61417859570736777,0.069112247726849582
0.11099823796039499,0.16649735694059248,0.64404356672873064,0.078460838370281949
