0.2964853021976071,0.14735637079575578,0.55093563402323131,0.0052226929834060087
0.32603993666198894,0.035221014476679899,0.62792806843148352,0.010810980429847704
0.45526402325632864,0.10629140571068499,0.43428379033398934,0.0041607806989973836
0.36865177327474946,0.095710804688931311,0.53174227301339139,0.0038951490229278971
0.5648808838619328,0.073234951662691561,0.35692247013653772,0.0049616943388378684
0.31581746723103982,0.048260021848451948,0.57057206322170995,0.065350447698798275
0.62259060262622146,0.016315331231230409,0.35221142863659272,0.0088826375059552088
0.12127125259192499,0.034244126688714425,0.84282564347712607,0.0016589772422345701
0.34692956074703885,0.077032509351694298,0.5698338223529773,0.0062041075482894108
0.224843692991052,0.092755544635794218,0.6346717922602837,0.047728970112870132
0.6758931495785605,0.030809565372793266,0.28757343436110838,0.005723850687537964
0.18544618628837861,0.077940576357028932,0.73358354419644756,0.0030296931581447607
0.50224971402484031,0.024365175125155153,0.46160107212235174,0.011784038727652667
0.38054024327877461,0.072168348358249965,0.53420734398492309,0.013084064378052165
0.58793392297626124,0.080388887850786669,0.28760075132475266,0.044076437848199451
0.50029848163438462,0.10628906740462833,0.39069237551731889,0.0027200754436682165
0.46893332814044814,0.036576690399849066,0.49070901077514084,0.0037809706845625016
0.25916936410838509,0.14384311044791107,0.58844574722013954,0.008541778223564377
0.222216626962978,0.05129824909267576,0.72289720627337872,0.0035879176709671008
0.19099626157744018,0.078191193685829913,0.72836545171212841,0.0024470930246013271
0.15747619171819491,0.029640459694974114,0.80823272941163538,0.0046506191751952922
0.17901602460604801,0.085455511472700141,0.7267907058391605,0.008737758082091391
0.30595458208962362,0.057416376726615329,0.62483770820408591,0.011791332979674879
0.20443941678897484,0.052602401248434433,0.74083843067548372,0.0021197512871062988
0.16665441932877195,0.044202776580529124,0.78101459318529942,0.0081282109053996375
0.37045641709906957,0.057486119984751144,0.56612103994681184,0.0059364229693675569
0.41896926330388951,0.10039200001789,0.47811673098046659,0.0025220056977542358
0.18095422825577884,0.13770397795386388,0.67037180353065695,0.010969990259699804
0.59146089090321363,0.066031861075121975,0.33778840382726016,0.0047188441944044654
0.25092143426101404,0.032497262897241933,0.71075588768775622,0.005825415153987339
0.20622773870051028,0.051556934675127571,0.6579999145530282,0.084215412071334039
0.22014683945101271,0.029968325840482136,0.73027823618979248,0.019606598518712454
0.23632757629673623,0.12582694069398229,0.62915520470729425,0.0086902783019874447
0.31056297886831968,0.11123923192330455,0.57356273343991704,0.0046350557684589084
0.22780633508078124,0.073202602853044071,0.69359284897745543,0.0053982130887194639
0.29291883551515674,0.061284140070014433,0.64192241083493096,0.0038746135798981771
0.36265768004923493,0.14923121783764828,0.48463138744159034,0.0034797146715264096
0.21356411787810653,0.043261414079355923,0.73039606852081496,0.012778399521722423
0.43753917114389151,0.070816138350821969,0.48246951464530402,0.0091751758599825511
0.26686238332004375,0.099438791250929984,0.62955811088209712,0.0041407145469289051
0.7558321594287214,0.074185940286455018,0.16376674073672201,0.006215159548101621
0.17929190167989509,0.056793263755336942,0.73551396885515496,0.028400865709612953
0.15069928867054491,0.016370587744965377,0.81056598287009551,0.022364140714394042
0.34295137609878573,0.22863425073252386,0.33554560149372131,0.092868771674969167
0.2822556362423016,0.067005330690550757,0.64822229127946041,0.0025167417876872898
0.095116189473035948,0.049505624427999502,0.82952950902236544,0.025848677076599286
0.1541516462278269,0.048949681203000771,0.7758822152732554,0.021016457295916832
0.52926355916648926,0.10007042790986578,0.35803684817748421,0.012629164746160671
0.20374648104987028,0.042228493814071663,0.7520805054531583,0.001944519682899402
0.78817871712332621,0.12206688783275939,0.08303895856481304,0.0067154364791012179
0.25869385147896279,0.073660265059363059,0.66357894235681669,0.004066941104857588
0.40975099217992478,0.082377907441860659,0.49262494037207782,0.015246160006136862
0.2874836683045211,0.099815526397303969,0.60568498801630455,0.0070158172818697156
0.46867355416349898,0.23984760927528573,0.28778941207512421,0.003689424486090968
0.31129542932309651,0.0,0.57704471530836499,0.11165985536853849
0.29740571884405087,0.097209621326537196,0.60333672240173897,0.0020479374276723933
0.43090919076501871,0.10009557632690008,0.46737824260616195,0.0016169903019188129
0.40893812169086668,0.077591953691440507,0.51048758139532036,0.0029823432223725563
0.23345875520131104,0.12886800869428727,0.63352551785621103,0.0041477182481906615
0.22218127175571981,0.09279624849426106,0.67926843123772807,0.0057540485122908039
0.36870572492753978,0.083209163009398776,0.53945915149529233,0.0086259605677691028
0.2520270278318843,0.03997542200812295,0.69472665689044799,0.013270893269545002
0.32019443335399633,0.015188909344902642,0.63323251872021347,0.031384138580887698
0.48676722092995472,0.16243763720510287,0.34897013024471712,0.0018250116202256745
0.63875474719203396,0.15029951521655216,0.20862133110631911,0.0023244064850949514
0.17918966585537152,0.052252615677617763,0.76706614218906788,0.0014915762779423144
0.36731189815543364,0.043531677888949682,0.57690619464544401,0.012250229310172778
0.51763638356389863,0.087042691036843214,0.38841206210348111,0.0069088632957768781
0.25740278116614324,0.063974993189100118,0.65421300021507234,0.024409225429684267
0.24791231585308082,0.17345209533730749,0.5766263837433101,0.0020092050663016677
0.098884044751642863,0.035810736341781474,0.85499473093962197,0.010310487966953767
0.32844894110517686,0.12236486193115181,0.5388591389701487,0.010327057993522572
0.22555806902000466,0.04324667928537252,0.7141944246146531,0.01700082707996986
0.27909872052525836,0.082928781894917786,0.59114271029200904,0.046829787287814895
0.30763264531363077,0.067722741078559676,0.62020879465407563,0.0044358189537341075
0.18576792152566174,0.14097078377461766,0.65802755237232968,0.015233742327390831
0.51032155606808483,0.19238938440903422,0.28004002425354751,0.017249035269333187
0.31207106245339156,0.038328757791490475,0.5799843764105006,0.069615803344617283
0.15858877588393613,0.067644798855736557,0.76807322875585315,0.0056931965044740738
0.40912401412537908,0.0,0.49968900185063203,0.09118698402398881
0.10415055203621494,0.087840623161467624,0.7919861263393293,0.016022698462987747
0.48581426100599984,0.0,0.41402342010304005,0.10016231889096006
0.32515612337906857,0.0,0.57474051218373701,0.10010336443719443
0.47562600468258237,0.029125493062013157,0.48399225077393138,0.011256251481473323
0.10838218610037019,0.021775113055134084,0.86706202574634839,0.0027806750981475715
0.46891878161665285,0.075826314638102466,0.45153013194786662,0.0037247717973773434
0.38435605722288502,0.0,0.5457799420165198,0.069864000760595166
0.15048179577655155,0.0,0.7528889810859708,0.096629223137477696
0.29348012879719326,0.028016714433024496,0.66921907123884417,0.009284085530937989
0.21350554757416779,0.058298928233943968,0.72531276267314748,0.0028827615187403395
0.5315893767378298,0.092198439126154469,0.35412499074817461,0.022087193387841132
0.29233287882032843,0.077075410276289086,0.62731244541692743,0.0032792654864556145
0.10639187032909334,0.048790634578410909,0.83625355665434586,0.0085639384381498949
0.38063381139764169,0.075551296915367272,0.54238266755643272,0.0014322241305587287
0.25139143124182539,0.10744489998834411,0.6331441867778943,0.0080194819919361861
0.18444090315996794,0.19182743799722546,0.62196200846725302,0.0017696503755546427
0.23073168178823358,0.035184951984718486,0.72416590592009189,0.0099174603069562238
0.11379058058776485,0.031967589256196041,0.8497880203007907,0.00445380985524869
0.37775922815093788,0.040885443988174397,0.5320231112794338,0.049332216581454029
0.2551845767964579,0.068970476365871849,0.6672782086250959,0.0085667382125742941
0.40971092172047985,0.057171623844739401,0.52908040026595349,0.0040370541688272239
0.15859412859303457,0.063249007973356308,0.75340236705501651,0.024754496378592564
0.16859034991981622,0.059777130384443704,0.7514078636600523,0.020224656035687655
0.53871413703040771,0.10524842928028152,0.3530333707704133,0.0030040629188974243
0.2116224045137145,0.059985458048984162,0.6807755909298413,0.047616546507459868
0.44467593182760429,0.084751569921924438,0.46136204326963737,0.00921045498083394
0.24526191502437816,0.044398038750321528,0.70313476660059304,0.0072052796247066894
0.26161049311355589,0.010199728953061253,0.70334534207556054,0.024844435857822339
0.29442853002776825,0.0,0.63367398681085008,0.071897483161381712
0.43242626747491558,0.1081065668687289,0.41811266777708045,0.041354497879275171
0.28017414700970955,0.088949614169875069,0.62853425478027192,0.0023419840401435188
0.68560841577389098,0.0,0.18367189160559175,0.13071969262051727
0.26984772269965307,0.063664280936485032,0.66102672107356231,0.0054612752902999826
0.56279259885149779,0.0,0.4201484024665591,0.017058998681943334
0.22469099766122985,0.13083114948859287,0.64212603585825856,0.0023518169919190188
0.37736251149520689,0.012846097511200145,0.6046867438121355,0.0051046471814576548
0.27734950818097098,0.0873495629957797,0.63201854392379053,0.0032823848994591748
0.20862109050664759,0.049241856662986867,0.72769029650984951,0.014446756320515822
0.60651186514850863,0.0,0.34049679758436291,0.052991337267128437
0.3400199359530014,0.080038093179486777,0.57705167975089122,0.0028902911166203151
0.33489383295749486,0.10163466973617456,0.56107236435669128,0.0023991329496394435
0.19454914579190288,0.048637286447975721,0.69190325150739385,0.064910316252727543
0.11222218721735333,0.16833328082603002,0.71601533575699938,0.0034291961996175484
0.34369091467447166,0.052842762921543059,0.59020524572994948,0.013261076674035813
0.13695025043516232,0.044504656497535579,0.80872594600363334,0.0098191470636685065
0.5224204137114572,0.039967990152487066,0.4229341227570067,0.014677473379048917
0.33188827230422357,0.014410432381965431,0.6501103447426787,0.0035909505711319337
0.43996360261474038,0.056692995298756911,0.50029202028711783,0.0030513817993850392
0.16794858995292936,0.11196572663528621,0.68937742158224202,0.030708261829542432
0.23741093828797255,0.050766784002228171,0.69713403985646649,0.014688237853332694
0.54663358542233653,0.077533069627693976,0.37268330543912886,0.0031500395108408656
0.18701109521988926,0.066065384529960539,0.74378884409503909,0.0031346761551109535
0.20534072162530762,0.061163527294661069,0.72739177230955454,0.0061039787704762474
0.48630270687608163,0.088913055603419514,0.4118784136527931,0.012905823867705701
0.27819592060383624,0.077034336736319944,0.63835727746194981,0.0064124651978939746
0.24539826898126374,0.098563582936470939,0.65221114941771074,0.0038269986645544833
0.1580923979298362,0.10539493195322412,0.64245561445000421,0.094057055666935396
0.19360698253125311,0.11516927198215736,0.68001128007885581,0.011212465407733468
0.37928424504386354,0.062703732143681662,0.5521414193532207,0.0058706034592343054
0.2714117338087611,0.018674936578157865,0.66588952891404041,0.044023800699040661
0.20207995109085397,0.065938444846153382,0.69185604091731101,0.040125563145681678
0.35176609761852146,0.1820633521998398,0.41510020984333973,0.051070340338298839
0.38562524179420171,0.086834742382950164,0.52409280433878624,0.0034472114840618765
0.2248093340582549,0.027975547494298154,0.73991037342074051,0.0073047450267063859
0.28500202117184553,0.079672291316776805,0.63199332199206393,0.0033323655193138405
0.29426042238450351,0.046613349966772549,0.64286547682976036,0.016260750818963422
0.21534310270190846,0.0,0.77237820359609455,0.012278693701996983
0.66813915120176803,0.11259305506536678,0.21720358084999361,0.0020642128828716028
0.14862637876604398,0.0,0.79292312386871011,0.058450497365245851
0.27544975725549831,0.068770512553760696,0.65479420170623315,0.00098552848450781608
0.295237274053402,0.059839369885923636,0.63484846327355049,0.010074892787123634
0.19687813108516006,0.13125208739010671,0.59394302617332151,0.07792675535141165
0.32100309426672929,0.096576204464381005,0.57486550530497105,0.0075551959639190485
0.21744373490974797,0.065983887903137819,0.71091709242126044,0.0056552847658536487
0.21510710832843993,0.13361939461586458,0.64611844001064833,0.0051550570450469742
0.22168596047170344,0.058361987125453194,0.70374943323286698,0.016202619169976226
0.26260692565058674,0.059164753904214315,0.6710021912956371,0.0072261291495615684
0.25372715166690257,0.063431787916725643,0.59842185704305673,0.084419203373314988
0.23966298132141273,0.066233006826645402,0.67775736877641113,0.016346643075530763
0.33391888959293747,0.059459719519896544,0.59057590286211381,0.016045488025052509
0.40547278054125407,0.046618033283462604,0.52996938459498322,0.017939801580300126
0.35207802952911926,0.017163644504397169,0.59619650694376858,0.034561819022714858
0.66486102018186022,0.077304621168887186,0.23032814573741922,0.027506212911833351
0.27591065329809067,0.050545287772085702,0.66649703324454412,0.007047025685279428
0.47014965794848562,0.02166414235581406,0.50203919617025439,0.0061470035254457631
0.67082878021923942,0.063031475853180904,0.26288869675324072,0.0032510471743389534
0.14643372871893817,0.054022581550871911,0.7936878652836703,0.0058558244465199034
0.39044944605184922,0.050591537095618248,0.54201937179047111,0.016939645062061581
0.33132543487484523,0.015978286187612805,0.641494665781985,0.011201613155557143
0.2270733674306023,0.16154510779855344,0.60977572650405543,0.0016057982667880182
0.31509578263252663,0.10277994728963602,0.55701547546439378,0.025108794613443338
0.54597306928471745,0.1088036057177236,0.34341655728781428,0.0018067677097448873
0.35972894691473728,0.15002410516348763,0.48647795968455482,0.0037689882372201645
0.5843356560709797,0.10543875243332429,0.30070827323736171,0.0095173182583342709
0.29065098406266632,0.19376732270844427,0.41392780495432369,0.10165388827456581
0.60215711358708424,0.0,0.34099202751241708,0.056850858900498707
0.16764241678753122,0.11914359006981509,0.70287397028296161,0.010340022859692001
0.2518572624344762,0.067783091947508825,0.67888239031385933,0.0014772553041554417
0.090251006960356428,0.013350568241762071,0.89007512690256618,0.0063232978953150325
0.17050555622540539,0.087338032332901785,0.72773345900266417,0.014422952439028597
0.25879343793803306,0.040068647343832482,0.69209677167862382,0.0090411430395105994
0.31861100186349295,0.050080871937335535,0.61323264495664753,0.018075481242524002
0.3580405866917955,0.066954091314720882,0.57058639203558204,0.0044189299579013947
0.25368959063127838,0.018702930461010112,0.71793898831995639,0.0096684905877551849
0.28488975386954785,0.091331004404142199,0.61188643666064646,0.011892805065663609
0.3914492914861919,0.13488310028687286,0.47191730695806838,0.0017503012688670453
0.35627366727045057,0.043423556370565608,0.5838767309465932,0.016426045412390809
0.22632532653609416,0.078581587889744037,0.6916788091040581,0.0034142764701035858
0.17199685752292226,0.02960001637682072,0.77624297541440235,0.022160150685854894
0.34355322177486169,0.051518730289947606,0.59136931985173857,0.013558728083452544
0.28948560321392569,0.060932705893804666,0.62772415148089256,0.021857539411376983
0.27363411104324947,0.047333511807365523,0.67400869297995192,0.005023684169432616
0.15456957622205866,0.21507205986729674,0.62673673057563561,0.0036216333350090049
0.48181735168888623,0.024517879188196992,0.46420970728398941,0.02945506183892721
0.38129252055569479,0.042198858858743089,0.57127959044741361,0.0052290301381484354
0.47576606906678603,0.0087089326349637387,0.50175597567334862,0.01376902262490164
0.21613188681713957,0.054032971704284893,0.59680772528512838,0.13302741619344713
0.43027193781928696,0.10756798445482174,0.35521433242439815,0.10694574530149317
0.30336064009860281,0.073860200569058995,0.62068745910750611,0.0020917002248324965
0.44684067130735833,0.07427929419296514,0.47703321500888807,0.0018468194907886571
0.18005587997953784,0.05166986062033832,0.75097413666834811,0.017300122731775402
0.2934385556910008,0.27971561635339298,0.37230020017317667,0.054545627782429551
0.62882024510021128,0.0,0.35937811800131636,0.011801636898472629
0.19865994453052538,0.0069647399676065576,0.78969474256716676,0.0046805729347012453
0.2946353930013787,0.067322136153894749,0.63520789569845149,0.002834575146274664
0.59110599790873475,0.077716373325042928,0.31767770156443548,0.013499927201786853
0.34623801806765653,0.06674915444654099,0.56639797298793315,0.020614854497869355
0.42843317903617273,0.028157854348744911,0.53081625261248966,0.012592714002592459
0.63347230830739809,0.058038558558975439,0.30081090496754143,0.0076782281660850221
0.21027077918115192,0.1077246012626035,0.65745752313235806,0.024547096423886368
0.22341426222132035,0.055853565555330088,0.67734677981336733,0.043385392409982231
0.40288173117661269,0.045637321380210281,0.51438403594708426,0.037096911496092753
0.43889868830859896,0.11304154203356459,0.44621328226902518,0.0018464873888113333
0.31044966299024657,0.081717681319653318,0.60541873242923239,0.0024139232608679944
0.30247542667309618,0.10746902839919573,0.58529996123885109,0.0047555836888571604
0.31497033300045302,0.26206186668834225,0.42199776313378351,0.00097003717742124174
0.46574015768050481,0.052750379968410852,0.47728454617324695,0.0042249161778377068
0.29262712733948681,0.011013035190707293,0.6899603166480317,0.0063995208217743583
0.15088885984478123,0.050308973662490875,0.79586678382314346,0.0029353826695845565
0.24245332678333517,0.15729103033834452,0.58154765854000867,0.018707984338311473
0.19309657373977054,0.03891269475152713,0.7647888889203468,0.0032018425883553834
0.32017919198555733,0.030556865175012448,0.63959883453163913,0.0096651083077915357
0.34009177232262583,0.084104222195989023,0.56057218904085948,0.015231816440525552
0.57230269129978728,0.10602367276836232,0.31261427828571958,0.0090593576461310589
0.19904082017251459,0.085846662249621605,0.70931315864133448,0.005799358936529316
0.14865362844708058,0.055350524631789425,0.78462704489744273,0.011368802023687093
0.21070288138246346,0.096667988254294596,0.66338360664745177,0.029245523715790166
0.23723677471866877,0.0089702139767876641,0.74572160992943748,0.0080714013751055653
0.48084168593365673,0.11919177414544906,0.39582598225315407,0.0041405576677401969
0.3215288516291846,0.060803282518732765,0.60357062724721444,0.014097238604868233
0.40523106375793377,0.058683602910721805,0.51713337786076929,0.018951955470575033
0.41175842009842545,0.054341414722720631,0.51786993644453216,0.016030228734321732
0.19642804797519206,0.09419142319628912,0.6925554345199626,0.016825094308556287
0.14618703028527769,0.026363056507908159,0.81579381072276436,0.011656102484049736
0.094564456200048039,0.14184668430007205,0.6561581146552411,0.10743074484463883
0.17268276442485522,0.14406487770196535,0.6603785770263646,0.022873780846814806
0.24660520841487998,0.050792269848070018,0.69936684384924896,0.0032356778878010082
0.24186923652931913,0.060467309132329783,0.62670048199549055,0.070962972342860517
0.15823476511928325,0.033037974125922159,0.79494368839133123,0.013783572363463507
0.21858324487534192,0.010992507552497243,0.73890434114274861,0.031519906429412228
0.21116033173413806,0.017943989254447255,0.74969059929406856,0.021205079717346195
0.16871594448938138,0.022283424236928973,0.80222667283105187,0.0067739584426377598
0.27429082530787863,0.068572706326969657,0.62261319886031774,0.034523269504833913
0.28520861228152711,0.1333265950240789,0.57343255464748433,0.0080322380469097492
0.24174117236879822,0.063122073040877857,0.69173266328725835,0.0034040913030650463
0.25400289062068993,0.087816155737345317,0.65461155952645966,0.0035693941155055526
0.1231769858713152,0.030794246467828801,0.78924140466382098,0.056787362997034997
0.36676105018792027,0.1144130940012258,0.51301499781043403,0.0058108580004197566
0.32642897544318883,0.078794865940355813,0.59011717218024362,0.0046589864362114528
0.25805094188398414,0.17203396125598944,0.48201208199511503,0.087903014864911339
0.23298277823179972,0.019015758994968966,0.72030634776701485,0.027695115006216402
0.49895385116241509,0.15567974126244333,0.32244538279407708,0.022921024781064541
0.45876954842146506,0.065675472245994584,0.46992368589986905,0.0056312934326718739
0.38415074271712257,0.050170615370089294,0.55720885542183263,0.008469786490955148
0.17456717572551822,0.057696838725348608,0.76153328549536792,0.0062027000537652173
0.27307954095963038,0.026165191737558467,0.69588065651368758,0.0048746107891231849
0.24096736867913682,0.033217560667303213,0.6952999802018125,0.030515090451747589
0.35740718084045581,0.072967377885131912,0.56472488900034112,0.0049005522740713974
0.48157226785351764,0.095996567234585328,0.41821466980279359,0.0042164951091037744
0.48991057852788983,0.063503891677113483,0.44009166398992378,0.0064938658050728276
0.17623122217458004,0.051340021101109926,0.76687618088730902,0.0055525758370012042
0.14009165527911693,0.016369642683809957,0.83953902576181405,0.0039996762752587201
0.45793589735652784,0.072624229924512812,0.46101934309416426,0.0084205296247948855
0.15985386803042159,0.081240071589659804,0.75635219280247423,0.0025538675774440227
0.22476417749120217,0.080670596314687232,0.6901095480300421,0.004455678164068601
0.34170197247375284,0.046616737719427023,0.60816440584858211,0.0035168839582377454
0.44150785999778003,0.12467498040318202,0.4329016058609097,0.0009155537381285078
0.30704442083258016,0.0,0.66752055422422518,0.02543502494319471
0.4201541227286319,0.20232364293981123,0.37361568188064648,0.0039065524509103704
0.23982916270952473,0.046661342513837814,0.68539526503348436,0.028114229743153189
0.3615473653346703,0.041642535317891957,0.5780388794878355,0.018771219859602332
0.36515503471516436,0.0,0.55690542777593233,0.077939537508903256
0.59927393243563831,0.025788330986195655,0.36667273129751615,0.0082650052806498547
0.22484822399529342,0.087976795290666016,0.65800452911451446,0.029170451599525894
0.47401845764626588,0.13428559036844323,0.38638119769566714,0.0053147542896236346
0.23204578947935947,0.036905630608589868,0.72882350228567805,0.0022250776263724762
0.26155424735826599,0.065388561839566497,0.61323730915573527,0.059819881646432337
0.21303675526526877,0.062864345446760936,0.71097445203658771,0.013124447251382333
0.29966810206726519,0.09899842347258099,0.59632296191251677,0.005010512547637235
0.30545570531038541,0.20888327397656117,0.46911044590937595,0.016550574803677436
0.34821898355392289,0.15548516094110201,0.49496563075782485,0.0013302247471505535
0.64952501025119258,0.15268068480225871,0.19648619103966392,0.0013081139068854054
0.16320670808334414,0.2448100621250161,0.59062800650794256,0.0013552232836976852
0.46318659624873287,0.09558753503314836,0.43781089465237044,0.0034149740657483285
0.16829768210961132,0.25244652316441674,0.57819878657321766,0.0010570081527542716
0.18567234229530777,0.049160870114250792,0.75706783050646165,0.0080989570839799709
0.25363326547537179,0.054472157936905893,0.68666247796260516,0.0052320986251168239
0.22404155621648447,0.04169135064724569,0.71011204733848299,0.024155045797786823
0.21511092985744282,0.053777732464360704,0.67745291454930545,0.053658423128890895
0.48925640144832366,0.057398665228290943,0.44332635349648364,0.010018579826901557
0.65411544614219985,0.034121894682305282,0.30932424271889641,0.002438416456598451
0.40067295039864115,0.11273006588107407,0.47746022926259618,0.0091367544576885663
0.27290616794120182,0.08469597128751892,0.63597762711051531,0.0064202336607638334
0.15667889514535902,0.02819575098204876,0.80820886358686672,0.0069164902857255768
0.1632959311937176,0.091653524325099434,0.74055512019822423,0.0044954242829589024
0.18619726035061068,0.063299327750320031,0.74950181943545446,0.0010015924636145592
0.26131994283741344,0.032280395209278806,0.69349321593066748,0.012906446022640407
0.32142951942659082,0.071821957717467633,0.59542735606581687,0.011321166790124468
0.32279536204967596,0.085054242968578872,0.58117114372671552,0.010979251255029765
0.29646889080928074,0.063431066138067288,0.63256534426243261,0.0075346987902194188
0.1881507601189101,0.12543384007927341,0.6237868483651523,0.062628551436664237
0.35880256551568496,0.022862349959886629,0.56506172058967519,0.053273363934753133
0.29391354907319894,0.04110920351073049,0.64956010631701233,0.015417141099058045
0.48625167573936251,0.033570259644224811,0.43807921990983623,0.042098844706576447
0.26833740516801891,0.098635624858959922,0.61372336165414598,0.019303608318875374
0.4746265609354216,0.080718603953613757,0.41694744727713878,0.027707387833825911
0.33313073793160058,0.0,0.61583746843837228,0.051031793630027127
0.22905335424592577,0.07763908558236364,0.66990974801753089,0.023397812154179815
0.1845043249868793,0.18940608722112423,0.60408839846904627,0.022001189322950181
0.5673655762265315,0.088514382476567136,0.34089841722221831,0.003221624074683049
0.59215491289886313,0.035681204366704751,0.36650511893842297,0.0056587637960093355
0.078598185151946595,0.11789727772791989,0.80048102314955982,0.00302351397057414
0.43472353281854498,0.17453327362487667,0.37613034290130754,0.014612850655270621
0.43401766365076416,0.025441008694630608,0.53426379418680536,0.0062775334678001563
0.24626099323634479,0.3693914898545172,0.38035707545478969,0.0039904414543478093
0.22422218101830357,0.037952757255747281,0.73325587712318407,0.0045691846027650909
0.41867308895350758,0.0,0.5632331323428752,0.018093778703617367
0.38386404234589139,0.019638633679146669,0.57849951766463903,0.017997806310323099
0.24580066509315157,0.040943219292205242,0.69443376038221505,0.018822355232428305
0.29931523544030064,0.076795749480595463,0.61989840468570723,0.0039906103933969751
0.17510755300955425,0.22586900373734292,0.59543978644354001,0.00358365680956324
0.38022736612182745,0.056289137904882484,0.5526684374776436,0.010815058495646594
0.2235238355232744,0.057243590405906375,0.71792165018074627,0.0013109238900725839
0.55062061276798724,0.13215394990267865,0.29778329895217587,0.019442138377158063
0.15047765911387259,0.12461181413710509,0.72310300046450648,0.0018075262845153553
0.35561900983820616,0.10046989176843951,0.5365488685900196,0.0073622298033346849
0.41708174250067392,0.015024309839130272,0.55569234434452641,0.012201603315669539
0.51153802816278726,0.041425511304189304,0.43520448819991447,0.011831972333109109
0.30705476629609463,0.067007959254449703,0.61000198896739899,0.015935285482056784
0.30790984848662112,0.10081443525304373,0.58971575712023383,0.0015599591401007291
0.18753863502066306,0.058156022603578807,0.75106859285039573,0.0032367495253618293
0.22471999847442048,0.050350809600936304,0.72140813278076121,0.0035210591438817776
0.22203290240807808,0.053808763968570698,0.72110748108373224,0.0030508525396184525
0.16704337573716035,0.05508777535454653,0.77610833716389549,0.0017605117443978092
0.33988241856524043,0.050381421207206789,0.59209921977232427,0.017636940455228445
0.17474929236756928,0.042261445265022492,0.77430346481607537,0.0086857975513331687
0.31146084400559171,0.067365422189986562,0.61923726541310775,0.0019364683913138884
0.32895715866244679,0.093656460082583007,0.5757437810951469,0.0016426001598235254
0.40150958487945637,0.069973959877429048,0.49328936147449798,0.035227093768616456
0.40428987969821306,0.0,0.57851637819189827,0.01719374210988853
0.44115715047290299,0.072949306878588707,0.46645853694007999,0.019435005708428304
0.219284474937018,0.047467346419548292,0.71382197479854914,0.01942620384488454
0.32091783544322949,0.050297019496029001,0.62439980590124666,0.0043853391594948291
0.24430116527308585,0.054706418301762198,0.69570416156068171,0.0052882548644704493
0.29537074885035558,0.11017073144142581,0.57123225263889454,0.023226267069324149
0.27942609781975714,0.089846837483146438,0.6125050980833936,0.01822196661370282
0.3336751939893442,0.06791489444391699,0.59132589428145055,0.0070840172852879952
0.42511581265131027,0.0,0.56840218722042546,0.0064820001282642594
0.49808607149696199,0.067784619814621541,0.41373302169436416,0.020396286994052229
0.43500103013624913,0.020499157979574446,0.5367481802641404,0.0077516316200359836
0.19537880388324189,0.068364126250612056,0.71250971628126891,0.02374735358487735
0.29766909454441548,0.042186788790931205,0.65193065619796686,0.0082134604666861989
0.48245289455176804,0.054658380120112843,0.45940116143021564,0.0034875638979041126
0.61259842213609861,0.042793806670437133,0.32511624418198426,0.019491527011480183
0.2688348624579191,0.077004513053202328,0.65065792179136461,0.0035027026975139493
0.28041631679400331,0.073460998653537182,0.64411449690089273,0.0020081876515663506
0.30452147248543515,0.081406200050109886,0.61201396815583431,0.0020583593086204847
0.48873007065205915,0.062226391052965034,0.44736541725478224,0.0016781210401936707
0.31634634848069076,0.079086587120172691,0.57646579050329838,0.028101273895838216
0.37573663832170678,0.0,0.56882111849674044,0.055442243181552935
0.14889497413265104,0.046531607043146198,0.80041627060114851,0.0041571482230538899
0.29873242019648694,0.052095572278438876,0.6113165413258661,0.037855466199208272
0.20964739961098447,0.061545161442340797,0.72483713161394203,0.0039703073327331286
0.29537709191740436,0.043203698469957655,0.65343784971638408,0.0079813598962540765
0.25827654748231366,0.12487623803380592,0.6154966594975263,0.001350554986353545
0.17715017673015043,0.053476539999897266,0.76637997014460379,0.0029933131253483737
0.29049309326333006,0.048302491754287677,0.65064694059351813,0.010557474388864008
0.32286563101183657,0.029694695710625437,0.6230046761855681,0.0244349970919698
0.38339997286723237,0.095849993216808094,0.4982524760598841,0.022497557856075413
0.21877485502788482,0.30862022728864813,0.46851679105951094,0.0040881266239558723
0.78646090716089245,0.042343995805321673,0.16530689293696513,0.0058882040968206801
0.63199935450901035,0.15799983862725259,0.18897134153252337,0.021029465331213873
0.40471804230321773,0.11977042598029262,0.47021341139795497,0.0052981203185347367
0.21663012501601658,0.076699309638194796,0.70444064270337325,0.0022299226424153415
0.088702841651964112,0.025205539886563537,0.87645679835680357,0.0096348201046686371
0.21335285577981433,0.083524701624012279,0.65141815119101143,0.051704291405161758
0.372976164485256,0.065807638778858091,0.53349856652319672,0.027717630212689193
0.30384031637650932,0.075960079094127331,0.5765006198724324,0.043698984656930978
0.11983797154784283,0.14454360771496252,0.72255808133843125,0.013060339398763037
0.26107648826537794,0.046721550619323184,0.66663034461035953,0.025571616504939391
0.42626975646812287,0.027324580663619334,0.52711470202093702,0.019290960847320911
0.37173458795229802,0.19066750501779964,0.4298104318415083,0.0077874751883938486
0.45147416239675442,0.0,0.54021372531770839,0.0083121122855371338
0.43236153469368122,0.041385576567885052,0.52027494462362511,0.0059779441148086554
0.2438694983049999,0.16257966553666664,0.48234731960378652,0.11120351655454699
0.21886759271114725,0.06004922983136321,0.7187103074729444,0.0023728699845451712
0.4248433918458171,0.12482252827715251,0.44866640218091808,0.0016676776961124795
0.23771039834659066,0.064830267038278336,0.69449435663625991,0.0029649779788712199
0.20941337129373963,0.047000452930157137,0.72342578652208422,0.020160389254018994
0.20172000508492247,0.050430001271230616,0.65362122488450836,0.094228768759338444
0.28316747613426368,0.073646905623753561,0.63959309938678766,0.0035925188551953818
0.23186463230711976,0.044962570218051098,0.71890568917090636,0.0042671083039225706
0.47364617302252798,0.16820592394441536,0.34751419351135004,0.010633709521706626
0.61313015010258154,0.033381145761889393,0.34917528132341163,0.0043134228121172041
0.25098368888400269,0.042077357982329311,0.70226661802827173,0.0046723351053963363
0.22825630597825627,0.070465157895073863,0.68427779705228542,0.017000739074384316
0.1851821028713892,0.13132877910936022,0.64964480865122809,0.033844309368022525
0.67653961726482059,0.01135202896981213,0.30743163092695736,0.0046767228384100119
0.34970761467152334,0.05810910640150057,0.57928979453466778,0.012893484392308488
0.28135560678058724,0.11461498914452684,0.60052192854500319,0.0035074755298826975
0.32965401218570467,0.14039530919417983,0.50550590809432594,0.024444770525789451
0.14182773007570862,0.046123946609162789,0.80689134596012368,0.0051569773550047982
0.32028723235455614,0.10827085729324216,0.56536483664275383,0.0060770737094479653
0.20811882998595305,0.15951328987147928,0.57748967779312588,0.054878202349441789
0.22082900615876441,0.025885833410780986,0.69255083749178048,0.060734322938674049
0.35351993947869459,0.064661822877653291,0.56325070018791668,0.018567537455735625
0.30924319097398456,0.1074191929024763,0.57193912880477349,0.011398487318765879
0.21483654508590697,0.08056831897216013,0.67333766306922682,0.031257472872705985
0.29713574994730435,0.096624041355570331,0.59768648297711557,0.0085537257200098468
0.31106523768226885,0.091676523505953122,0.59004463420659914,0.0072136046051793157
0.35641034828931312,0.090198678389890971,0.53556221633369983,0.017828756987096146
0.11601062032867503,0.021176203059239729,0.8445759994219374,0.018237177190147787
0.65948110064252552,0.027764885454693296,0.30542293809963145,0.0073310758031494404
0.32696903076957085,0.052665774659110924,0.61390002912267361,0.0064651654486443857
0.14374667040732461,0.040266998840073315,0.81113142243313663,0.0048549083194653073
0.14211218212252819,0.21316827318379225,0.62303683121416609,0.021682713479513484
0.34885827113109813,0.070272031614780767,0.57752323200988931,0.0033464652442317987
0.23444071252977128,0.04077126074296996,0.72115712901194395,0.0036308977153148639
0.68800261222331549,0.13595459329667117,0.17220333423055109,0.0038394602494621955
0.17132259475710684,0.042830648689276711,0.74519117858402517,0.040655577969591211
0.15184408097286203,0.030596807651939506,0.81667000396109601,0.00088910741410252103
0.12552460876645072,0.04807911139809587,0.8151619268934357,0.011234352942017784
0.45243373410465382,0.011478597963723166,0.51856339173348676,0.017524276198136322
0.22542923850642202,0.056357309626605505,0.68821253342042799,0.030000918446544473
0.14547296408608321,0.036368241021520802,0.79477604518695799,0.023382749705437793
0.27865613622917923,0.14924433119484709,0.56738874505240422,0.0047107875235695758
0.55474855181048865,0.0,0.43053103107731738,0.014720417112193932
0.17174791995318553,0.11449861330212369,0.65410246161203456,0.059651005132656247
0.099582060704711275,0.033298323427948535,0.86199723816409168,0.0051223777032485731
0.60521342289429747,0.0,0.38751012426247677,0.0072764528432259588
0.36540009156844044,0.086405653891259815,0.53419129931029152,0.014002955230008138
0.25039252143674523,0.053754594801981422,0.68925155573895858,0.0066013280223148644
0.54871358251627556,0.077661421794530394,0.37147966354984219,0.0021453321393516043
0.33975013079662292,0.043937444541685293,0.5700122476816708,0.046300176980020827
0.29092920646305648,0.11783410075861341,0.57119258629778025,0.020044106480549922
0.13385542869662903,0.064972091904073215,0.77428570238054972,0.026886777018748132
0.39169129026188948,0.22367961996676672,0.37258169756599435,0.012047392205349337
0.36079317616811873,0.045443076411315439,0.58976585682287141,0.0039978905976946737
0.44362788991625063,0.078231112413827963,0.45801398331288246,0.020127014357039039
0.36183228322391431,0.0,0.6190376237344537,0.019130093041631876
0.32085275919115663,0.058103639866366082,0.61660174246716237,0.0044418584753149522
0.40568988815259382,0.010933661544446792,0.57847974075692699,0.0048967095460325533
0.39389100238601155,0.045583662333495152,0.55119384165409369,0.0093314936263994182
0.19695463405310593,0.083460648204618182,0.7051542190564356,0.01443049868584049
0.30826552263845597,0.036206881335067165,0.64368344240625319,0.011844153620223719
0.14806804797015949,0.071924484469901004,0.76535410052253872,0.014653367037400958
0.32740306655109552,0.10185286961432634,0.55720697286860665,0.013537090965971305
0.31263221234420763,0.041843938990307257,0.61895382444060143,0.026570024224883755
0.55057311875464221,0.0,0.36117016358197473,0.088256717663383069
0.25348539793109603,0.073390090260394392,0.67061925013768331,0.0025052616708259204
0.33368666023689608,0.09572217169999564,0.56356521230758239,0.0070259557555260145
0.34825709556722806,0.087064273891807015,0.54293266103100823,0.021745969509956536
0.66435635156312378,0.0,0.21289186353321787,0.12275178490365833
0.26316935997414931,0.042773729270867145,0.68967547384142547,0.0043814369135581144
0.13552904033542343,0.076459555423115541,0.77654277890168166,0.01146862533977935
0.23609815786840996,0.031425157852466405,0.66528361180079887,0.06719307247832465
0.24154709380337819,0.27811949502711375,0.47759853977144423,0.0027348713980647494
0.08209396846872459,0.12314095270308682,0.78773316274127636,0.0070319160869117079
0.23365589423800726,0.068801475794665792,0.6909857035829261,0.0065569263844009219
0.32448440891137925,0.1092082945574868,0.54659436439229991,0.019712932138833957
0.1701005717993363,0.047397489785865402,0.77594386199521104,0.0065580764195874979
0.25498126922832065,0.10492701149586649,0.63778275946358942,0.002308959812223536
0.29351210440351666,0.017474799649402878,0.67667296702232715,0.012340128924753495
0.11979212437482332,0.026894624671805586,0.85098781447238847,0.0023254364809827885
0.58061321335766269,0.0,0.39765177358996534,0.021735013052371754
0.28235667718461549,0.070589169296153872,0.54092506000939333,0.10612909350983726
0.18103925530038839,0.083208912122361575,0.73282538644315787,0.0029264461340924694
0.29497685129674589,0.12755223368766933,0.56094576318606326,0.016525151829521516
0.13861193317917686,0.15154724181890655,0.70557944572097009,0.0042613792809467546
0.16895328926405603,0.083835470121587,0.71919484315482429,0.028016397459532667
0.230734618751433,0.05768365468785825,0.59113195367345472,0.12044977288725406
0.16257821999729458,0.058862096479094655,0.77565116825158775,0.00290851527202283
0.32597827284944275,0.07964512962937273,0.57822662759210353,0.016149969929081062
0.28104841703825062,0.048923614961936125,0.66817750575914692,0.0018504622406656462
0.16553104391473231,0.0,0.73845899614444344,0.096009959940824341
0.48658896983810818,0.10834386760341448,0.4017596155383501,0.0033075470201272281
0.31002461208184001,0.11856439933799159,0.56818529327288525,0.003225695307283749
0.24925716170625592,0.053858021131642807,0.68054470812828238,0.016340109033818918
0.34768687110500174,0.086921717776250434,0.51277298297734542,0.052618428141402607
0.19781665652888036,0.29672498479332043,0.50246469803319127,0.0029936606446077305
0.2366151368809469,0.029702369891189309,0.71001882908995395,0.023663664137909796
0.42514124497686534,0.0,0.51739545585409963,0.05746329916903508
0.3886245508901216,0.13246720115599825,0.47440537617532247,0.0045028717785576223
0.36888248776982241,0.10685521468954064,0.51341015709015903,0.010852140450478007
0.63137386107691618,0.13832923298813832,0.21999739839216476,0.010299507542780976
0.19225968530324258,0.059776502979083192,0.74578895621966868,0.002174855498005526
0.27824811781717701,0.25386312209799028,0.43885839140704552,0.02903036867778722
0.21921346221822172,0.059291282383584901,0.71236513424557424,0.0091301211526189311
