0.1309745232108131,0.055760943269524028,0.78178656192419671,0.031477971595466156
0.1832568152096149,0.020161664131512751,0.75052708789059397,0.046054432768278267
0.14085965226084221,0.067137729061927734,0.76524686050299173,0.026755758174238472
0.073495766270935431,0.11024364940640313,0.78592937240822258,0.030331211914438969
0.14273490279867893,0.021503909153340064,0.7967185141914318,0.03904267385654922
0.059798861184510783,0.089698291776766137,0.78859514278403664,0.061907704254686335
0.11481557365620904,0.080377333704131831,0.76025731141684261,0.044549781222816616
0.17427287393529786,0.019666565512922091,0.75403529516722345,0.052025265384556624
0.058302154386816643,0.087453231580224958,0.81795464410439256,0.036289969928565653
0.072848392781443033,0.10927258917216454,0.76456261204282483,0.053316406003567546
0.13440344728760514,0.029427477515475749,0.76685229024728629,0.069316784949632726
0.14445536374726373,0.024968669471361837,0.78348785096289286,0.047088115818481602
0.11508716610537104,0.044002522729734164,0.79295749829433559,0.04795281287055924
0.069470998675224896,0.10420649801283731,0.75209709837212135,0.074225404939816594
0.084846770114995654,0.12727015517249346,0.75854527945121242,0.029337795261298566
0.11915257230804395,0.027083801807868204,0.81048642537226478,0.043277200511823016
0.1634301272450889,0.025911753211843146,0.76281508922265218,0.047843030320415654
0.13189181601095565,0.01398334766348038,0.80812808235029554,0.045996753975268451
0.13057857697210243,0.08666464137606282,0.75305143256255369,0.029705349089281085
0.11246410216261921,0.068161088198951114,0.78401853590561865,0.035356273732811132
0.078610519534179607,0.11791577930126938,0.75580318409455449,0.047670517069996587
0.067147028289544677,0.10072054243431701,0.7798389837997497,0.052293445476388555
0.055634286573230336,0.083451429859845494,0.82994427384666214,0.030970009720262068
0.12741015978380429,0.015177913721670383,0.81521968470949335,0.042192241785032086
0.10754979289841336,0.091050258345926033,0.77466120876709499,0.026738739988565456
0.068854612551720859,0.1032819188275813,0.77205521744328809,0.055808251177409889
0.14557890259958184,0.036667079658474204,0.76948131584936119,0.048272701892582717
0.16204815813642787,0.03132162474597841,0.73158529024009766,0.075044926877496171
0.11876906795582808,0.099871585365944496,0.74530456858816452,0.036054778090062883
0.083166097358380625,0.030929388762343673,0.82717400629208626,0.058730507587189527
0.11274952948576897,0.073337608062923734,0.76992479994975349,0.043988062501553675
0.16820936318288623,0.025000264130739837,0.74459539152087828,0.062194981165495454
0.14882960974788695,0.041906338510112578,0.78587847045434001,0.023385581287660457
0.15003568970625994,0.026622875474296544,0.76021973606046112,0.063121698758982464
0.096892541569856314,0.085475795470028815,0.79224729641337899,0.025384366546736144
0.068341335672631565,0.10251200350894735,0.77766732875047606,0.051479332067944854
0.059763108964240114,0.089644663446360143,0.8007783696404539,0.049813857948945925
0.12082601519779523,0.060981662503687382,0.78058299327456671,0.037609329023950769
0.071821300662306575,0.10773195099345984,0.7783040496328042,0.042142698711429366
0.11970402186430333,0.080133410091665122,0.75790740879028717,0.042255159253744214
0.14037690900782768,0.040267801759847836,0.75925462839094404,0.060100660841380479
0.076041738895123473,0.11406260834268521,0.74738726217000662,0.062508390592184632
0.17001160180971209,0.027063510238566239,0.75314591831304512,0.049778969638676472
0.10716478466856341,0.024565017271807137,0.81509926750825701,0.053170930551372404
0.074601808316836118,0.11190271247525416,0.76236722541445656,0.051128253793453322
0.076484140080841617,0.11472621012126243,0.7401668206765426,0.06862282912135341
0.09954344047111556,0.061094295972678264,0.8029675858729608,0.036394677683245356
0.14517784991794219,0.020023291647490251,0.7757907602556714,0.059008098178896247
0.073574569562008585,0.11036185434301286,0.75200775026154254,0.064055825833436011
0.071796162296654226,0.050835381847265437,0.8522173445561283,0.025151111299952057
0.063549290826177315,0.095323936239265938,0.79246565726969664,0.048661115664860033
0.14391725678714709,0.029744479425628387,0.7781567675599973,0.048181496227227234
0.1245222431273956,0.081720418975317941,0.7492245064662314,0.044532831431055062
0.13565712664392593,0.049652260732112909,0.77602850917468125,0.038662103449279783
0.068354898082344878,0.10253234712351729,0.79128123655304217,0.037831518241095735
0.13570004591111229,0.070018087897335851,0.76087580853306047,0.03340605765849141
0.053197960808574654,0.079796941212861974,0.82485023505853394,0.042154862920029602
0.072926981045335487,0.10939047156800322,0.76755200662647793,0.050130540760183424
0.14418655085044413,0.022362299750844073,0.77541197127866268,0.058039178120049127
0.16194000249239049,0.021086051563304457,0.78289513786684162,0.034078808077463309
0.12002908143466375,0.046700702591535879,0.782848929768305,0.050421286205495353
0.13965568624444877,0.024238571766785927,0.79313014281452443,0.042975599174240868
0.06369253178239867,0.095538797673598005,0.78426882936345665,0.056499841180546705
0.12233363603001078,0.025383957684300729,0.78751338026723616,0.064769026018452316
0.076367939426360568,0.11455190913954084,0.76321293600334617,0.045867215430752228
0.10433830299007966,0.079802999782165249,0.79352549452962029,0.022333202698134953
0.10084079458131349,0.062699878375100604,0.80064333462166259,0.035815992421923334
0.064444770347277747,0.096667155520916592,0.80211316514043185,0.036774908991373367
0.059680249261617968,0.089520373892426952,0.81878736048609224,0.032012016359862769
0.11153257303871535,0.074389745579042585,0.78303567474267943,0.03104200663956257
0.13822157812282357,0.033360002885929954,0.78834666690262967,0.040071752088616526
0.079940093034772841,0.11991013955215925,0.75076921943784924,0.04938054797521866
0.20644878256794816,0.019727349925027386,0.73687482615431843,0.036949041352705964
0.068890390327785989,0.10333558549167898,0.76898010530536987,0.058793918875165101
0.1394487952967251,0.08288666587768348,0.74683169152097284,0.030832847304618639
0.076775269702525767,0.11516290455378862,0.7590813852256858,0.04898044051799965
0.04568659380395846,0.068529890705937693,0.84790083534360039,0.037882680146503395
0.060835438247657671,0.091253157371486496,0.79957429740550934,0.048337106975346461
0.16458733374478215,0.029862211959853054,0.74162483277327595,0.063925621522088805
0.11564251507213265,0.0472399426105852,0.80094506977981872,0.036172472537463397
0.080830226444963446,0.12124533966744518,0.74111112817556357,0.056813305712027848
0.11268908904896252,0.08540670677601761,0.7765887388388012,0.025315465336218774
0.13476932018343324,0.056305130460871031,0.77852477561093625,0.030400773744759385
0.058745291253181439,0.088117936879772152,0.80883650584771916,0.04430026601932719
0.064659999166975693,0.096989998750463519,0.78604432548717995,0.052305676595380823
0.060905356756181077,0.091358035134271598,0.78267836327106233,0.065058244838484963
0.13584540794968192,0.02525244182974188,0.7860844863108073,0.052817663909768893
0.05619917468921528,0.084298762033822902,0.82027863770267051,0.03922342557429126
0.056761276905646807,0.085141915358470183,0.80659908229170163,0.051497725444181172
0.096507677128999686,0.048910926195832718,0.83115220006527812,0.023429196609889565
0.17938984155504323,0.0096286994627136947,0.77197507730525194,0.039006381676991067
0.088692561158761216,0.13303884173814182,0.70086821823457268,0.077400378868524286
0.13309464833664131,0.023370294410707967,0.78440221450226144,0.059132842750389145
0.10572468709986768,0.1046398894043635,0.75382236738682551,0.035813056108943142
0.10259012219268403,0.060856841750388732,0.81097444866180213,0.025578587395125155
0.15654395474432886,0.026946047728273262,0.76782461485542541,0.048685382671972394
0.14086533210874883,0.022370641540921082,0.77910840453157448,0.057655621818755581
0.064369486301676077,0.096554229452514143,0.783054697097606,0.056021587148203843
0.13353143046794808,0.079048744576216523,0.75331519943167158,0.03410462552416383
0.10817410485652668,0.028812740565451151,0.81326182855699802,0.049751326021024202
0.12229378937822367,0.056261760988280764,0.7822210525728962,0.039223397060599373
0.12982151513353932,0.065759859454073796,0.76649960049109656,0.037919024921290116
0.062622247442900611,0.093933371164350896,0.78683043371185635,0.056613947680892215
0.10124993689768098,0.060356632535737031,0.81215806225930764,0.026235368307274465
0.13677178237152629,0.027295122682887699,0.79093740332127327,0.044995691624312745
0.114968597058725,0.062335720404328103,0.78112182121649376,0.041573861320452904
0.15774072309820811,0.035073615469575728,0.75465069506058924,0.052534966371627016
0.063533350594299237,0.09530002589144887,0.77480519310765261,0.066361430406599295
0.10359314930252422,0.064962500733985545,0.79517332071640046,0.036271029247089984
0.13535436974056048,0.049177394237815412,0.77690917938458925,0.038559056637034808
0.16567312500475706,0.016370979227894537,0.76756001801248863,0.050395877754859687
0.14942757227407544,0.02741149168372875,0.78342128376608322,0.039739652276112543
0.064139108800220876,0.096208663200331293,0.78384620085798073,0.05580602714146711
0.18019785799016744,0.030318587606109941,0.71184124350041178,0.077642310903310904
0.057521003173213223,0.086281504759819827,0.79315334804698379,0.063044144019983275
0.15654032240232579,0.018394291235588334,0.76908128457606206,0.055984101786023699
0.17947019028561448,0.05885189870638026,0.72295740401936481,0.038720506988640595
0.071747142121604088,0.10762071318240612,0.7587944593162631,0.061837685379726719
0.10423126699442345,0.077036345401734568,0.7713438221737009,0.047388565430140903
0.071331715665676365,0.10699757349851453,0.77667868277943419,0.044992028056375019
0.12608086038513291,0.080645611521585267,0.75590857288791613,0.037364955205365674
0.21004691119311072,0.011169821042028842,0.74658746464041303,0.032195803124447198
0.080930251897489328,0.12139537784623397,0.73481588652884999,0.06285848372742675
0.074918614531002584,0.11237792179650387,0.76747790245654823,0.045225561215945315
0.057854091041255482,0.086781136561883215,0.78727135245861535,0.068093419938245969
0.15591075221610953,0.021315363356203876,0.76201298763694414,0.060760896790742494
0.1186030523846925,0.073467563811564135,0.76107949803679154,0.046849885766951968
0.11340575832883086,0.043027071711025724,0.79223042327884496,0.051336746681298492
0.076183873558630044,0.11427581033794505,0.75887066685839677,0.050669649245028196
0.10483829138261046,0.049930785512908291,0.81811667591954806,0.027114247184933365
0.069029436067551617,0.10354415410132739,0.78634634415883209,0.041080065672288862
0.10223803275318066,0.051505496304821673,0.81358333123961146,0.03267313970238616
0.077739234100122664,0.062277789569338403,0.83833092637034234,0.021652049960196398
0.1278606066500384,0.028967908095268613,0.78081452635433257,0.062356958900360346
0.13362456284336885,0.038781091260456917,0.795177643846816,0.032416702049358308
0.071406912306588369,0.10711036845988253,0.77171413920998566,0.049768580023543493
0.13970431336220954,0.019514960823974088,0.8089855208035408,0.031795205010275482
0.11296092556754636,0.022140839694265817,0.81622744533359437,0.048670789404593628
0.081918292154799607,0.042605214043840572,0.8341271848750248,0.041349308926334712
0.11347311905643154,0.030256645051031331,0.80488409158263063,0.05138614430990656
0.14487225684361985,0.0193699500827062,0.78355766654607051,0.052200126527603391
0.11974826268316988,0.067461577397796929,0.76777271623214594,0.04501744368688728
0.074227194659820403,0.11134079198973061,0.74935669012041495,0.065075323230034135
0.15188521540487102,0.058430058455860377,0.75268401705379917,0.037000709085469395
0.10188739695650399,0.084582023608081355,0.77765315952421343,0.035877419911201275
0.073226940109600347,0.10984041016440051,0.76942776254864897,0.047504887177350019
0.16362023376824969,0.032878162281242074,0.76275149515871277,0.040750108791795622
0.063076342982819888,0.094614514474229833,0.80740912293749889,0.034900019605451402
0.090816472506215079,0.066224610163273953,0.81192253983733631,0.031036377493174613
0.12193103578704378,0.03483480362277646,0.78249992142016256,0.060734239170017204
0.077931877861404888,0.11689781679210733,0.76583173063402898,0.03933857471245867
0.11570855962293256,0.063734172357880065,0.78484962508958145,0.035707642929605751
0.13327884396593656,0.078415140694570354,0.75885237881802325,0.029453636521469786
0.065366375691442019,0.098049563537163015,0.76831741443511481,0.068266646336280212
0.10320754078612965,0.040870357330717408,0.8185071484623565,0.037414953420796614
0.071265180882815027,0.10689777132422253,0.76403387620793173,0.057803171585030746
0.085846505673809095,0.062014349982921282,0.81557655739177348,0.036562586951496175
0.063497705853635983,0.095246558780453947,0.803193128256254,0.038062607109655901
0.056117486834596067,0.084176230251894094,0.81504940985022922,0.044656873063280519
0.06030024607030389,0.090450369105455827,0.7933056700673965,0.055943714756843711
0.067510022506608397,0.10126503375991258,0.78192334900840155,0.049301594725077502
0.1196066589016324,0.090042048790388504,0.76689949889470488,0.023451793413274202
0.1315046853686099,0.023603255770509476,0.80015334227050183,0.044738716590379
0.1180848649663625,0.077688220070838004,0.76488044403599897,0.039346470926800499
0.14460797969399566,0.02662888814788171,0.7596561702973762,0.069106961860746233
0.13895714265824585,0.085371044514691935,0.74596650771812922,0.02970530510893292
0.12458930033084978,0.071120000848657425,0.76106376414169696,0.043226934678795965
0.15929108203412032,0.07847597141581325,0.7357609371936803,0.026472009356386331
0.12778901106056387,0.028345944586703874,0.7859680508636393,0.057896993489092698
0.11614354422838792,0.051869228547974294,0.802180393701864,0.029806833521773823
0.12328407500313091,0.056875432012412304,0.78360754542628885,0.036232947558167895
0.17143767050479769,0.057596941003197157,0.73437156299765549,0.036593825494349752
0.076671380471004122,0.11500707070650615,0.75760012010390443,0.050721428718585336
0.090166644564392037,0.13524996684658808,0.7346678436866716,0.039915544902348117
0.062533840707931901,0.09380076106189783,0.80146055403047523,0.042204844199695203
0.12723160623847951,0.093410448181053929,0.74941305397804892,0.029944891602417756
0.062234648650397219,0.093351972975595804,0.79110650697753016,0.053306871396476913
0.12991665366787059,0.064756404385828775,0.76977549983474847,0.035551442111552249
0.18339714017871428,0.017172998704638842,0.74644704007497442,0.05298282104167229
0.13121992124528961,0.026727336841037636,0.79487660899902246,0.047176132914650275
0.073974512792250507,0.11096176918837576,0.76454202603758104,0.050521691981792724
0.10136734758843749,0.046487254561094433,0.82300985870320875,0.029135539147259422
0.1311176367681065,0.066122148181394932,0.76850469294209911,0.034255522108399473
0.11857738136974789,0.064208234940324141,0.78911820774913988,0.028096175940788129
0.20272827683512074,0.021727540487849469,0.74170354416209738,0.033840638514932443
0.14086900587963694,0.075913279707670575,0.74747828397865401,0.035739430434038495
0.10401803162864415,0.067203921746789644,0.79920646923916894,0.029571577385397358
0.14747982689458827,0.023337213114601442,0.79172977070305584,0.037453189287754228
0.13641432961768715,0.042645605447947904,0.77282658723011022,0.048113477704254656
0.095623373525941829,0.049042992189265895,0.81941296487608395,0.035920669408708306
0.07320880994730411,0.10981321492095618,0.76549199249716127,0.051485982634578487
0.11394061379538355,0.083938206300932364,0.77326640662761414,0.028854773276069948
0.13334497735621692,0.065772244432010185,0.76916217856477664,0.031720599646996209
0.065098780613602053,0.097648170920403066,0.78817798591973798,0.04907506254625698
0.065459656504115685,0.098189484756173492,0.80720708490570436,0.029143773834006556
0.14329685182632243,0.029686181351768166,0.76417559989748218,0.062841366924427308
0.13858144309618511,0.083257206798671893,0.74145779317192861,0.036703556933214261
0.078923846801441572,0.061494205095333723,0.81937717975540714,0.040204768347817672
0.060920653566171053,0.091380980349256569,0.81122368640671139,0.036474679677860854
0.10097146892807712,0.0600748118028675,0.80889920695079787,0.030054512318257502
0.066566507995133681,0.099849761992700486,0.77119345672663508,0.062390273285530685
0.1277123694673151,0.076362764351389112,0.77383460614955291,0.022090260031742779
0.16750006388205937,0.021704669138165145,0.76181940349384025,0.048975863485935169
0.059022910495796534,0.088534365743694762,0.80842124566826101,0.044021478092247643
0.058607179348755298,0.08791076902313294,0.79166844427331717,0.061813607354794686
0.077328328372330876,0.11599249255849634,0.7642249651813473,0.042454213887825464
0.13967009978385331,0.026467464126702998,0.76598014461384689,0.067882291475596976
0.10848744107594555,0.031079726693772583,0.79692910715851917,0.063503725071762676
0.13052702651481909,0.074355168797309606,0.76106741252563992,0.034050392162231199
0.11245295013924206,0.080695054670033836,0.78170659346082993,0.025145401729894046
0.049413720219010582,0.074120580328515859,0.80348351152983322,0.072982187922640163
0.12340633413126716,0.05917378393558187,0.78589217341059947,0.03152770852255149
0.09909776384453825,0.14864664576680736,0.70965459485371085,0.042600995534943426
0.11037197489764138,0.067157257762032671,0.78921990798274144,0.03325085935758465
0.12745282596249932,0.028462169931252709,0.80111484176997771,0.04297016233627042
0.12034083849163342,0.036758436016153327,0.78946353213338938,0.053437193358824089
0.130711262099413,0.066461421476424629,0.77392654721653587,0.028900769207626621
0.12269403456420343,0.02767148575740231,0.79419781457773253,0.055436665100661579
0.16995588012533616,0.029500878101683236,0.74555497904492041,0.054988262728060372
0.056112704116269174,0.084169056174403775,0.80867576281561881,0.051042476893708354
0.083636696877040839,0.042590860236161134,0.8515571059923045,0.022215336894493624
0.081871797704025154,0.12280769655603771,0.75228244147075429,0.043038064269182726
0.058128189148329755,0.087192283722494629,0.81977830980455668,0.034901217324619017
0.0731790940008855,0.10976864100132826,0.75526024492991539,0.06179202006787092
0.13970316639767258,0.07128787995624089,0.74987937550297512,0.039129578143111368
0.062474361262364886,0.093711541893547315,0.77863670041738176,0.065177396426706086
0.14854446356053322,0.028090039655577888,0.76034108714217985,0.063024409641709245
0.10472372955114997,0.044325880804008337,0.82341814985537842,0.027532239789463293
0.096508738445054656,0.072873751955298743,0.79877535078202222,0.031842158817624228
0.12548669005742388,0.024680373102757072,0.79532934052808124,0.054503596311737887
0.11179891531536035,0.038139385759023682,0.79794527138100513,0.052116427544610947
0.045696835190510793,0.068545252785766175,0.81672036675417981,0.069037545269543379
0.1187839714683015,0.032262488180765263,0.79957056965825268,0.049382970692680571
0.054210248308009995,0.081315372462014993,0.8183282626867987,0.046146116543176303
0.11334235607006372,0.05011918226867141,0.80281848857893257,0.033719973082332336
0.14416039382163182,0.019953510624988437,0.7886324967163556,0.047253598837024062
0.058671554064767401,0.088007331097151101,0.80751401682699175,0.045807098011089911
0.12107812267793637,0.025683806745292401,0.81438286241669977,0.038855208160071722
0.13420367587418988,0.017932637073760704,0.79009660290502393,0.057767084147025471
0.054420469871418797,0.081630704807128196,0.79994806225011372,0.064000763071339256
0.056413735744764319,0.084620603617146489,0.81394983738105553,0.045015823257033391
0.13868332543015235,0.063531666241586793,0.75560051009212104,0.042184498236139928
0.13289232977947962,0.053242159979404284,0.77729376335183353,0.036571746889282546
0.095696384763258494,0.0752485930129667,0.7887586800863553,0.040296342137419561
0.073613417528533232,0.11042012629279982,0.76782926855053713,0.048137187628129963
0.061891377585474153,0.092837066378211222,0.80463082384173967,0.040640732194574931
0.11161695470538145,0.10460913628360173,0.75170092850713111,0.032072980503885677
0.093884000128627368,0.057118233825755801,0.81098188174887964,0.038015884296737384
0.15881996234356041,0.01435383942073087,0.77434882797207949,0.052477370263629364
0.13736719238504486,0.048719573468133832,0.7880771643042852,0.025836069842536124
0.061215514917027515,0.091823272375541262,0.79711623560589906,0.049844977101532198
0.12168760743824222,0.063035683614801635,0.78303131969036688,0.032245389256589152
0.079712438212989595,0.02578781195900454,0.85799216204739936,0.036507587780606324
0.11910756606765081,0.064938425523992635,0.7786052520343385,0.037348756374017938
0.061866834564992021,0.092800251847488011,0.81483511654917384,0.030497797038346115
0.097864823748837954,0.064989225544372031,0.80143609018620776,0.035709860520582198
0.1458361942388911,0.024464591454901485,0.78456300573533988,0.045136208570867663
0.16851790200762296,0.076199408217857714,0.72503657329417537,0.030246116480343817
0.12300843122414126,0.080186141340634051,0.76727033108048959,0.029535096354734905
0.12480815852578557,0.057248089361083297,0.78414398166582089,0.033799770447310307
0.070283444228149,0.10542516634222347,0.7574066207481045,0.066884768681523057
0.1106499396291204,0.062554199408870831,0.7947209509721197,0.032074909989889142
0.14659935444956318,0.062196856891920151,0.75403618100959624,0.037167607648920339
0.068044426361533475,0.10206663954230021,0.77289860937208865,0.056990324724077612
0.1030057817689419,0.030745446045795943,0.83276965873994246,0.033479113445319585
0.087668826771178057,0.13150324015676707,0.71609827801474391,0.064729655057310889
0.060697891480408342,0.091046837220612506,0.78448092478721909,0.063774346511760088
0.13207806411454603,0.028636707647232067,0.77849069228366352,0.060794535954558582
0.13929830195089529,0.025302484493142187,0.7855278340158709,0.049871379540091611
0.098142573524359553,0.064839737240036679,0.79382975998809002,0.043187929247513697
0.16623632959998785,0.015411354596952408,0.77650993354237396,0.041842382260685804
0.12428264345193374,0.037957298514895932,0.77359220964979636,0.064167848383373957
0.1246871214073709,0.073781335736811615,0.76702251016577738,0.034509032690040166
0.14186056639432393,0.044552339480538508,0.77659690220865063,0.036990191916486982
0.14395138539046173,0.029018341992614462,0.76813898661725055,0.058891285999673325
0.15001766338365172,0.029735751587105948,0.78926641309625389,0.030980171932988364
0.10913739350526963,0.061075294047911802,0.79560585921857896,0.034181453228239407
0.073301058219901807,0.10995158732985273,0.7626682390630346,0.054079115387211024
0.1162290415568541,0.078520190770680731,0.77413485621573641,0.03111591145672862
0.14768810137331803,0.067298503254103553,0.7435589428557221,0.041454452516856401
0.13729392412973934,0.072881006855920721,0.75729810912193374,0.032526959892406074
0.087866474308387024,0.066094127314527393,0.81258532819040719,0.033454070186678279
0.11503640068053923,0.069184990039407257,0.78287518900226627,0.032903420277787206
0.13513576133852645,0.030678593903320315,0.77238785741365157,0.061797787344501739
0.09359966071402169,0.14039949107103253,0.73065433274829672,0.035346515466649048
0.097099894260569322,0.070607070636913016,0.79926840484124173,0.033024630261275979
0.13351833372310637,0.132792835254641,0.70940386555644019,0.024284965465812422
0.059074002767141059,0.088611004150711561,0.79681877353553132,0.055496219546616224
0.11865899404464277,0.070139769914406888,0.7793570379398348,0.031844198101115571
0.063279712434872251,0.094919568652308398,0.79566026903343212,0.04614044987938732
0.10593505304137889,0.071250026934281119,0.78437179900997722,0.038443121014362654
0.1473305468854158,0.07632723745126796,0.74941400756226584,0.026928208101050486
0.10406304670730088,0.058987527402845873,0.80046148360004887,0.03648794228980435
0.085435108580535227,0.12815266287080282,0.73187089238228431,0.054541336166377768
0.089398463699906894,0.065866814546834962,0.79814007380672702,0.046594647946531259
0.11641761873245861,0.071898796768543022,0.78214477755904988,0.029538806939948599
0.14773440402522545,0.05297938081341326,0.76677381359037555,0.032512401570985769
0.10855597464664442,0.079711885390633772,0.77950752024136094,0.032224619721360648
0.060751125484357904,0.091126688226536842,0.79635008823690578,0.051772098052199338
0.14945300853924998,0.023048094935511687,0.7602658890823063,0.067233007442931966
0.12406701322846123,0.07553365578726548,0.75288144606419205,0.047517884920081348
0.097868829694681414,0.058788295182565085,0.80943921822505038,0.033903656897702937
0.064329256637521912,0.09649388495628286,0.78534382326057961,0.053833035145615417
0.14122168063814522,0.049462158979267666,0.77965115334624546,0.029665007036341749
0.13255227962979732,0.049998334718757517,0.7839664563783153,0.033482929273129972
0.11810854260531382,0.022290613195933534,0.79489925933400996,0.064701584864742728
0.20404519342481742,0.020075324606781693,0.75145218316327933,0.024427298805121459
0.10847024326031024,0.022530028286900965,0.82698521910530409,0.042014509347484637
0.057918822557567966,0.086878233836351945,0.80433970845444425,0.050863235151635745
0.17569657919804649,0.025168699516501424,0.75697910971738425,0.042155611568067866
0.10959677396548997,0.079114351758036452,0.76890949116779062,0.042379383108682653
0.10411372359257333,0.031586996108855681,0.80924157449607026,0.055057705802500564
0.21308035876523496,0.026846160758597901,0.69368333704026919,0.066390143435897969
0.062886904652187714,0.094330356978281543,0.78736484146278307,0.055417896906747595
0.10751607874822942,0.028530318582758514,0.79460490293096631,0.069348699738045971
0.064835399222838458,0.097253098834257673,0.78004059258398328,0.057870909358920794
0.097553400889076158,0.034416824903001735,0.80588212933459946,0.062147644873322666
0.15916764886288143,0.025399165442175031,0.77842553574556927,0.037007649949374208
0.19769870532977202,0.018004344814046877,0.75272073340712087,0.031576216449060258
0.057958422311560835,0.086937633467341235,0.78861577456967424,0.066488169651423693
0.2007442577019283,0.025110316521642785,0.72338593245193761,0.050759493324491249
0.13833978567027211,0.067136194803851371,0.76873886275002601,0.025785156775850648
0.055814889260371238,0.083722333890556846,0.81417236578087882,0.046290411068193128
0.11798476807914296,0.083670443520488122,0.76826172879519927,0.030083059605169552
0.13360315419634353,0.030031905832191549,0.77817114687271083,0.058193793098754013
0.10602353250601554,0.063643647927601257,0.7942995446757849,0.036033274890598266
0.065161443599220326,0.097742165398830502,0.79022939983837492,0.0468669911635742
0.10909175824152757,0.06181498139247061,0.78375727270672801,0.045335987659273838
0.1416061581731429,0.026108148267995075,0.77768942949537301,0.054596264063489136
0.12171806876924564,0.064331816942770306,0.77274433903659168,0.0412057752513924
0.13788276277761335,0.03272722422017027,0.79290080809005636,0.036489204912160178
0.090873268609673055,0.052499959458250922,0.81761731639855495,0.039009455533521149
0.13664105155148923,0.017038297518205393,0.78782045683854407,0.058500194091761305
0.060884084258403096,0.091326126387604623,0.79704880065599837,0.050740988697993865
0.13205271613472835,0.022080562264900367,0.7811333180021035,0.064733403598267639
0.067074523313826184,0.10061178497073923,0.78227443328136315,0.050039258434071372
0.074041982369924514,0.11106297355488674,0.78077057947914064,0.034124464596048017
0.13177384029679864,0.052703757373830339,0.78853362833504814,0.02698877399432302
0.13778151843530867,0.029745900248595851,0.78138431059481617,0.051088270721279201
0.064220738926901527,0.096331108390352305,0.78492804618533851,0.054520106497407787
0.10485677816552018,0.082175179399443035,0.77652744491651871,0.036440597518518157
0.11886927533833269,0.022844334968270732,0.79705044208785547,0.061235947605541047
0.153315536347576,0.018567114690815907,0.78117887217094828,0.046938476790659787
0.060304319002950052,0.090456478504425078,0.80979949380345684,0.039439708689168129
0.065054413319014945,0.097581619978522383,0.78981478793448212,0.047549178767980406
0.11231689276470111,0.064108488747171233,0.79415091450644459,0.02942370398168296
0.090837185600754128,0.086671836818492748,0.78965526569297007,0.032835711887783114
0.12062789964406588,0.077595230852095159,0.75960117754903111,0.042175691954807942
0.14996300057264147,0.025787640082191334,0.76090367037106876,0.063345688974098383
0.054754381103011521,0.082131571654517274,0.81268887865383377,0.050425168588637381
0.06289810333756983,0.094347155006354724,0.77279307256228502,0.069961669093790507
0.11305881827125203,0.034446091235698355,0.78822959949240579,0.064265491000643854
0.069700837369450805,0.1045512560541762,0.77562960651492019,0.050118300061452847
0.23159360158736425,0.025048281555102955,0.70721314434474103,0.036144972512791827
0.16668183348468907,0.041750224213615392,0.76788568272434676,0.023682259577348916
0.15886300571567755,0.028011406447609747,0.7852483649255787,0.027877222911134033
0.11754146234016682,0.037836811371658383,0.79464457692985813,0.049977149358316597
0.11904449550908573,0.054120946373265123,0.79844659995078426,0.028387958166864929
0.061138206998104364,0.091707310497156552,0.79399096025398164,0.053163522250757447
0.093758638024718566,0.14063795703707785,0.70309437196811797,0.062509032970085615
0.047671164351788108,0.071506746527682158,0.84212596275599305,0.038696126364536787
0.097023997945420368,0.063496381528767576,0.8013117055734158,0.038167914952396152
0.14478239700959208,0.068942134854858936,0.7443225811001658,0.041952887035383281
0.10378141765083569,0.03475536092905851,0.82220348764305107,0.039259733777054745
0.066413043405478073,0.099619565108217067,0.77998404404974753,0.053983347436557326
0.094343538486384035,0.069810151860218342,0.81518523068961912,0.020661078963778751
0.041027151411927032,0.061540727117890534,0.85431075954933244,0.043121361920849956
0.071267573589215177,0.10690136038382272,0.77134996861531846,0.050481097411643631
0.19027919775139177,0.02070794196148585,0.73677245044972128,0.052240409837401067
0.15051834949527154,0.0225375259911515,0.75516419330514484,0.071779931208432124
0.095704586410762987,0.041361090449701189,0.81664633647499951,0.046287986664536422
0.18713176370987414,0.017547427724788813,0.7439580523779038,0.051362756187433203
0.12527005324644533,0.088960167078850641,0.74734678870300308,0.038422990971701092
0.059819393245427968,0.089729089868141959,0.80086353090738038,0.04958798597904971
0.070997391861998868,0.1064960877929983,0.76404687656463943,0.058459643780363349
0.081917033697671518,0.12287555054650728,0.75326809556765928,0.041939320188161752
0.14652796963855305,0.025371177990095108,0.76653898441110913,0.061561867960242586
0.15155784753419532,0.061811645429657468,0.7563038045704823,0.030326702465664917
0.21034788668544036,0.025571165005633421,0.71101601211853838,0.0530649361903879
0.061473304721221367,0.09220995708183205,0.7979207150203077,0.048396023176638943
0.13224537987724327,0.022292452888414867,0.79183108860091866,0.05363107863342325
0.056738549560334306,0.085107824340501445,0.80158468874721778,0.056568937351946416
0.062978766580704407,0.094468149871056617,0.80128183170637801,0.041271251841860992
0.11670111985636372,0.076077386756149321,0.76361468101770158,0.043606812369785364
0.06789199245828631,0.10183798868742946,0.78312523516158006,0.047144783692704167
0.14730489496543664,0.092253309265645719,0.72950549155340583,0.030936304215511808
0.073143478927063382,0.10971521839059506,0.77849287071927487,0.038648431963066887
0.069604963591616401,0.10440744538742457,0.77581407838657179,0.050173512634387261
0.1503180090164753,0.019555135888243536,0.77802203714507534,0.052104817950205738
0.067643666456116691,0.10146549968417504,0.77986596012327525,0.051024873736432982
0.060174024719374386,0.090261037079061579,0.80417557017752939,0.045389368024034774
0.079408891862038811,0.1191133377930582,0.75224391167274918,0.049233858672153755
0.059622680346769041,0.089434020520153562,0.80035465101334902,0.050588648119728456
0.11997556306222551,0.029500835621604986,0.7973813566461333,0.05314224467003624
0.091472263410298002,0.073267425365056593,0.81318609826113175,0.022074212963513713
0.09558460799616382,0.14337691199424574,0.70509551162431572,0.055942968385274822
0.066800201422493377,0.10020030213374004,0.7942607710238675,0.038738725419898992
0.13788359517697138,0.057697598942736052,0.76530301427454606,0.039115791605746547
0.070758112650921204,0.10613716897638177,0.76156978059467018,0.061534937778026884
0.17734530063447518,0.026060806462749751,0.74946966707258622,0.047124225830188805
0.096042793832879697,0.037607319365719469,0.81621024664711972,0.050139640154281198
0.086652005551618852,0.12997800832742826,0.73061662464236221,0.052753361478590728
0.087808849688278443,0.13171327453241763,0.74113116913625843,0.039346706643045619
0.074173722604059328,0.11126058390608901,0.75931640213137286,0.055249291358478884
0.053824260487529411,0.080736390731294128,0.80917506380422077,0.056264284976955709
0.11994150131554178,0.083450418914857258,0.76404069053596357,0.032567389233637563
0.12779983313250398,0.0652476318311105,0.77212317625890314,0.034829358777482493
0.16618844236129168,0.021795166858559454,0.76266483216337488,0.049351558616773886
0.12031235629020773,0.0812629011527711,0.76465729266743654,0.033767449889584626
0.12337391410000194,0.035977520435035715,0.79516027487459651,0.045488290590365937
0.10304445717013694,0.061801923002545077,0.79447377415726561,0.040679845670052381
0.11686843215903685,0.035688019424572011,0.80078561593794373,0.046657932478447295
0.069137500678638414,0.10370625101795762,0.75474725340620707,0.072408994897196946
0.11574881802407595,0.081088314745952919,0.76226598089978059,0.040896886330190556
0.13311042383410826,0.050885411270504735,0.78599367281983601,0.030010492075550888
0.11520714269589227,0.072450946576001971,0.7735961686162649,0.038745742111840981
0.16002004684062854,0.015185563815043537,0.7618539288650289,0.062940460479299187
0.048316222448006804,0.072474333672010199,0.82594027760442978,0.05326916627555324
0.11964599332169694,0.067573599655171263,0.78246859307730632,0.030311813945825515
0.055808933300102836,0.083713399950154241,0.79976434520091411,0.060713321548828816
0.06798404875252409,0.10197607312878615,0.76902873405973748,0.061011144058952242
0.10923133057710556,0.07024984895934068,0.79359859662091736,0.026920223842636124
0.10507307851214269,0.082049499164790402,0.77732319282025286,0.035554229502814089
0.19403295832040901,0.017152635466211822,0.73729399114173744,0.051520415071641693
0.065252343895502177,0.097878515843253244,0.79135694254100397,0.045512197720240483
0.11239006040883268,0.03564437971586136,0.80012497678149685,0.051840583093809088
0.064190946310152971,0.096286419465229423,0.79094671110095927,0.048575923123658202
0.13933525209654651,0.016389495257857958,0.77690794282676012,0.067367309818835486
0.059686493926612003,0.089529740889917997,0.79683802878082655,0.053945736402643649
0.083753423906559293,0.1256301358598389,0.7458437664650297,0.044772673768572004
0.050225791650447424,0.075338687475671129,0.82396198066232196,0.050473540211559413
0.12111040809581385,0.021070673738344238,0.81988505608992202,0.037933862075920047
0.10689662552262347,0.074280124390790694,0.78555236992703892,0.033270880159546962
0.18704844447609609,0.027026737179051859,0.73283576921910876,0.053089049125743464
0.057879058684541088,0.086818588026811611,0.77076345588686079,0.084538897401786356
0.1144789896546142,0.025412646162238078,0.81569727277117587,0.044411091411971783
0.11622733646802784,0.074565876217265348,0.77415847440428487,0.035048312910422104
0.065013555755353572,0.097520333633030365,0.76868785956988017,0.068778251041735919
0.058085674615954652,0.087128511923931978,0.79034955736390822,0.06443625609620518
0.11992734393023893,0.032101453308750756,0.78188455462956374,0.066086648131446518
0.058126333895629663,0.087189500843444484,0.78932135876460574,0.065362806496320244
0.11511668581393023,0.06981048088970114,0.78650120743324003,0.028571625863128475
0.1174491805325691,0.077369231584841283,0.76326573086697136,0.041915857015618362
0.12923911916524183,0.10509835352601726,0.74106458252209495,0.02459794478664604
0.097416760258646498,0.059155531459261571,0.80768499476959643,0.035742713512495541
0.075978441298020741,0.11396766194703108,0.77335453368510543,0.036699363069842776
0.144156954625798,0.027545354269631984,0.78774246759439692,0.040555223510173162
0.063092227596501335,0.094638341394751982,0.76696256062643231,0.075306870382314317
0.058196056622295989,0.087294084933443983,0.82247504699909368,0.032034811445166074
0.14821549343194731,0.024914947259127237,0.77654200176704546,0.050327557541879897
0.082487771201113225,0.031181093300413503,0.83863827288973314,0.047692862608740255
0.096838654145434772,0.05731928388239687,0.80914841767682677,0.0366936442953417
0.069809766394256845,0.10471464959138528,0.76611719788954369,0.059358386124814158
0.076419123450691254,0.11462868517603687,0.74882880298145105,0.06012338839182077
0.14685341932973778,0.025506449393977462,0.77007096982249768,0.057569161453787113
0.1317948569233392,0.033423674060931691,0.76989714715284885,0.064884321862880373
0.0695123750964943,0.10426856264474145,0.76722355722293489,0.058995505035829371
0.11792568934171084,0.021242600383307816,0.81957237090159718,0.041259339373384225
0.10508104517954905,0.15762156776932354,0.7007197423045991,0.036577644746528311
0.13964858293287549,0.020611202118837518,0.79124445267825405,0.04849576227003307
0.11782207031495637,0.081755667649956024,0.76195007978625817,0.038472182248829541
0.14436999044647925,0.028413059158663087,0.77910284993940337,0.048114100455454445
0.074092271147686337,0.11113840672152948,0.76839775639581875,0.046371565734965467
0.076296266990779016,0.11444440048616855,0.77424047165962873,0.035018860863423748
0.10986058402373217,0.053833540641401022,0.80251691913176193,0.033788956203104945
0.11165242086094825,0.058880088683225577,0.79606159198360249,0.033405898472223507
0.12344322594391582,0.029960677493498847,0.80896904252665724,0.037627054035927969
0.065019776547413977,0.097529664821120951,0.7882804451379315,0.04917011349353359
0.14039978135606693,0.029088770905131206,0.78008110551060439,0.050430342228197381
0.11972724026626917,0.069889586108373161,0.76670702082790154,0.043676152797456042
0.076989356151685215,0.1154840342275278,0.78313424793851594,0.024392361682271164
0.13394842078990232,0.071801863473021976,0.75610068325971036,0.038149032477365362
0.064372430604217032,0.096558645906325527,0.78784792907794454,0.05122099441151283
0.12519625501002205,0.082101197082573699,0.75224313608015514,0.040459411827249166
0.12352561451674524,0.029085454000690427,0.78447467564980566,0.062914255832758642
0.11697049186437553,0.063399413506802851,0.78568869044838496,0.033941404180436806
0.24134099597183561,0.01869385323138946,0.70806484995358188,0.03190030084319307
0.12287651356048022,0.027749107385389975,0.81014288940051993,0.039231489653609987
0.14057683483849581,0.026580618212385696,0.78079055337863512,0.052051993570483235
0.15643880583623895,0.07676514191487456,0.73484355793413192,0.031952494314754609
0.1350449630808184,0.096477733500925492,0.73849491029972614,0.029982393118530001
0.077181858005836976,0.048012582818568683,0.84843560836784204,0.026369950807752403
0.14667802754368409,0.079270965425056253,0.73696669886322752,0.037084308168032175
