0.30553818051474435,0.067034684747534837,0.61668245422213608,0.010744680515584854
0.29550657882525427,0.028002460669593606,0.6701652074463379,0.0063257530588142815
0.4026302719653771,0.081362432911631727,0.51150869930297371,0.0044985958200173346
0.097734240056739988,0.050224852172186231,0.84878316186651259,0.0032577459045607681
0.38581439067813372,0.18366110610029171,0.42509780011429366,0.0054267031072805245
0.22452071551088498,0.056881571767718395,0.68826699313970796,0.03033071958168854
0.42431971853261113,0.041401867037967201,0.52920698993796289,0.0050714244914590555
0.42957126440369708,0.09558365101308855,0.4713615806226224,0.0034835039605922895
0.087037488473462363,0.13055623271019354,0.6920589174879922,0.090347361328351819
0.28963270215967285,0.0,0.59706771495833499,0.11329958288199214
0.21600951619622827,0.091839601405632368,0.64753903046363126,0.04461185193450793
0.65458457107696555,0.061334819869110636,0.22930633536410513,0.054774273689818666
0.42549389947847893,0.021140795900356227,0.52267175571441549,0.030693548906749555
0.19703580571104071,0.016602994124334042,0.77621142875914528,0.010149771405479879
0.42855110511154609,0.0,0.54813171219259593,0.023317182695857787
0.26210057809996867,0.087046114181766054,0.64805546805487391,0.0027978396633912125
0.24661320436943399,0.023514560501750176,0.67665874168183215,0.053213493446983777
0.40717152501230669,0.27144768334153779,0.30929342050304826,0.012087371143107199
0.20109072187871246,0.02844084786070258,0.7373636854123844,0.033104744848200585
0.16626879910275441,0.11084586606850297,0.63932384084378313,0.083561493984959476
0.38189724072570702,0.057354470283581448,0.55501088652529329,0.0057374024654183861
0.089459135585702343,0.071834428991039659,0.82615002945013782,0.012556405973120391
0.12819067801940789,0.058521493752206659,0.81138792702308415,0.0018999012053010113
0.20917264805846134,0.044145838248811374,0.73045057865642449,0.016230935036302848
0.58025646316228396,0.0191554163499814,0.39840871798437044,0.0021794025033644573
0.23583396851348587,0.085499287722529002,0.66575299235311647,0.012913751410868639
0.37565827406365404,0.044038958506776159,0.54426274971306654,0.036040017716503392
0.1995065166525089,0.056096110947636467,0.73667270512920502,0.0077246672706498187
0.29888727493590678,0.014381991568466238,0.67530851224547306,0.011422221250154118
0.30409193188799843,0.011945406140144983,0.67942015800933075,0.00454250396252605
0.14746197827456597,0.055805886140215463,0.7899527949223607,0.0067793406628578199
0.36770636762444175,0.038492294219752629,0.57780138155313643,0.015999956602669407
0.27859181077444101,0.0,0.68454960053968761,0.036858588685871413
0.28653546066646579,0.071633865166616448,0.6088759442690147,0.032954729897903129
0.13366251643762395,0.077346923404994952,0.76161183338539651,0.027378726771984479
0.2902064666815995,0.075832489379632106,0.63146279236853631,0.0024982515702324272
0.20806479402654393,0.02552252024692276,0.75357231199353258,0.012840373733000567
0.57849401312554527,0.034199756905449727,0.37484503668268965,0.012461193286315279
0.28234855546923315,0.0,0.59942728836155668,0.11822415616921023
0.37566886818902595,0.12061555546491176,0.48986731222518592,0.013848264120876357
0.20498590616368023,0.0,0.68323960047355126,0.11177449336276846
0.12675720752427572,0.0,0.84415969708561112,0.029083095390113077
0.35226678588897081,0.1075129382131927,0.53384684449680031,0.0063734314010361554
0.19285170996005277,0.027115987126451416,0.7622852130840202,0.017747089829475558
0.17944011454627218,0.028088743637970447,0.78874088857303226,0.0037302532427251284
0.3977292885964856,0.10595116552591544,0.4345551571512149,0.061764388726383998
0.12768166817126911,0.034043934094796273,0.79718669423027577,0.041087703503658764
0.17894145808672623,0.061920573772992794,0.74407883151778154,0.015059136622499374
0.1546571763111709,0.024805096048710267,0.80884002344993544,0.011697704190183428
0.26072143383447244,0.13173245566584435,0.58733444027952919,0.020211670220154014
0.2474039447539681,0.043754926558016591,0.6958838369858672,0.01295729170214802
0.30398033175629885,0.075995082939074712,0.55111256883957738,0.068912016465049214
0.29637536821802352,0.009288559970536037,0.68483095405454464,0.0095051177568957704
0.44907665892049059,0.017777651130112364,0.52667725568445045,0.006468434264946833
0.25598715708718278,0.063996789271795695,0.59480222453258569,0.085213829108435876
0.49322053108412184,0.12330513277103046,0.37131316530458108,0.01216117084026664
0.46355892228619328,0.044772716020698218,0.48671115428389261,0.0049572074092157255
0.58800246918682031,0.0,0.35618488136802856,0.055812649445151144
0.2863046363685926,0.056071229653027126,0.64226984737035309,0.015354286608027158
0.14887661744055117,0.070864275730670973,0.76804425184655012,0.012214854982227843
0.28980050512142452,0.056319547668334587,0.65097784022835403,0.0029021069818870975
0.39365190507676401,0.062950565985024104,0.53849903587148806,0.0048984930667238221
0.36868736919227607,0.058235890308036407,0.56142650538408501,0.011650235115602698
0.33650790199409036,0.019051912678681487,0.62267991943294465,0.021760265894283402
0.39461638096185553,0.054699669010026791,0.53978220623205853,0.01090174379605916
0.11934315522098589,0.13360226775477857,0.74483010378942383,0.0022244732348114327
0.42902017261719771,0.041907211053422024,0.52261991055538304,0.0064527057739974291
0.33820211917694376,0.095441800613189492,0.55657816268492855,0.0097779175249381282
0.20618694037091823,0.075052804251631758,0.70850164862755738,0.010258606749892736
0.42193437521711469,0.037602047614017614,0.53551124617409707,0.0049523309947704366
0.31499507700946983,0.078545271511724274,0.60420188568993671,0.0022577657888685522
0.35935433871658812,0.033480440032088145,0.59237575899454575,0.014789462256778092
0.32982330326325277,0.0,0.64587774839567247,0.024298948341074784
0.15298993331233451,0.022270866025211899,0.81990845109540622,0.004830749567046844
0.43473550398663757,0.0,0.47647951134402633,0.088784984669336056
0.34961554693689378,0.0027847136427865903,0.64405480561451856,0.0035449338058009673
0.25138681590751855,0.01711392541866974,0.72015147568120252,0.011347782992609159
0.086299341321541864,0.12944901198231279,0.72208177416605124,0.062169872530094095
0.2551786327346881,0.050523049969956567,0.65763218698863812,0.03666613030671724
0.17552253538369056,0.059961578241867736,0.74675102722713149,0.017764859147310196
0.19010514553424965,0.084460628543181301,0.70514756993273464,0.020286655989834389
0.51141617277575202,0.0,0.44901946712409818,0.039564360100149812
0.37613553838446451,0.0,0.55747637647285364,0.066388085142681921
0.17187929204160771,0.022638284216957943,0.78913881632275196,0.016343607418682394
0.11501359816076173,0.014464146419228104,0.86484163005339243,0.0056806253666173701
0.26445933612672495,0.0,0.61720696429835653,0.1183336995749186
0.32818804538246682,0.082047011345616705,0.46497934770360183,0.1247855955683147
0.47583418030336255,0.05969771750838905,0.45679868942385643,0.007669412764392018
0.22291424398449275,0.026528679005528244,0.68863685812073505,0.06192021888924408
0.18921137438498978,0.047302843596247444,0.66484627731413304,0.098639504704629705
0.089565302409766429,0.034335005647918117,0.87193682476805723,0.0041628671742576229
0.39509444454146542,0.1073630763599336,0.4955667940674886,0.0019756850311122786
0.18246410567206939,0.085312131570421196,0.72956479181379208,0.0026589709437172078
0.24069970379304939,0.036426131074076912,0.68513517626899778,0.03773898886387593
0.40447547865357725,0.067589667678783022,0.52497315355815921,0.0029617001094808279
0.27758396287781983,0.032172779851828266,0.68006253332792066,0.010180723942431472
0.19436458810471091,0.0,0.65453043930350652,0.15110497259178263
0.23787977053427303,0.053969582154491415,0.70665429031784799,0.0014963569933876882
0.20155950821100191,0.0,0.69422704379167322,0.10421344799732493
0.37989640222937998,0.037237198466179441,0.57462640062428183,0.0082399986801585494
0.31902402232305743,0.02894106867915772,0.6387349365665318,0.013299972431252997
0.3932237051476371,0.0,0.52509880394182273,0.081677490910540246
0.33226655346412487,0.016634402709293707,0.64376058550654491,0.0073384583200367687
0.39124908394014829,0.0,0.60086600142756053,0.0078849146322914395
0.29503056666265104,0.32515141609860004,0.37399188663335547,0.0058261306053934902
0.10740638471193208,0.045976660736448675,0.84242235814774269,0.0041945964038767299
0.22920264405337507,0.057300661013343766,0.55588684793710597,0.1576098469961752
0.31870215054072443,0.025000424514962327,0.59759917837720511,0.058698246567108141
0.24822512431642244,0.059562188756350755,0.68811896036178599,0.0040937265654407261
0.2434147312966532,0.060853682824163299,0.66248993966418168,0.033241646215001981
0.26755501072860755,0.0052299658380596699,0.71540635798390728,0.011808665449425687
0.40348381174995762,0.070759316143334583,0.51964758053590621,0.0061092915708017507
0.2957226043762709,0.0,0.64565167991848504,0.058625715705244143
0.22381749517784383,0.027494272385773979,0.74234887006736106,0.0063393623690209946
0.34426380790588396,0.0,0.61721104365824464,0.038525148435871522
0.32935894186242698,0.096449696672658028,0.57266150082642064,0.0015298606384948814
0.20629141752608732,0.0,0.7740901030094125,0.019618479464500026
0.23295157769641531,0.058237894424103827,0.61729707107503606,0.091513456804444782
0.35143570484479997,0.087858926211199992,0.45424158101591605,0.10646378792808396
0.29335499231404466,0.10809219194538902,0.55714168715783685,0.041411128582729259
0.17000088673295655,0.030111712069669311,0.78870257153253176,0.011184829664842409
0.3602871606906019,0.15499994085632504,0.47687423537652618,0.0078386630765466155
0.1466248340962916,0.042635858541452014,0.79098212384187605,0.019757183520380087
0.320064869336186,0.071805752504401493,0.60329848294342858,0.0048308952159843085
0.12830768978475587,0.085538459856503934,0.65887400053204259,0.12727984982669763
0.16339292476259965,0.0,0.7797409523427663,0.056866122894633934
0.32083639469132502,0.067521941452512585,0.58090798514148501,0.030733678714677561
0.22311420507002161,0.055778551267505402,0.66609061871163977,0.055016624950833225
0.20495093911639722,0.040295100668408142,0.73289519412817072,0.021858766087024011
0.38593982655694509,0.06650738027474809,0.54247598500357386,0.0050768081647328649
0.27022726277501369,0.026168884225107467,0.70152715702359303,0.002076695976285666
0.31598741251725732,0.099124652860147391,0.57705483408173452,0.0078331005408605464
0.24598328738576994,0.049219308034802185,0.69362038506629276,0.011177019513135031
0.15432159817802876,0.2314823972670432,0.601743206012188,0.0124527985427398
0.42690776756544441,0.077004469040215781,0.48042765227442269,0.015660111119917195
0.20309270956136083,0.032896471381330845,0.70909433003346023,0.054916489023848249
0.33316242926893319,0.11068426644196967,0.51970779446112891,0.036445509827968341
0.3871882152940857,0.0,0.51131489508246419,0.10149688962345005
0.15454217109142859,0.038635542772857148,0.6928410190200438,0.11398126711567047
0.28547209348763608,0.066285862786796657,0.62466030165190434,0.023581742073662974
0.39205324517164175,0.1242393670669503,0.46037117939828764,0.023336208363120049
0.27030987083323632,0.0,0.70747125118727727,0.022218877979486424
0.26604229141502855,0.062774686971751134,0.66217013307556083,0.0090128885376592714
0.53334517888573185,0.027196111497998554,0.43210240032824238,0.0073563092880274353
0.23809176336776053,0.059522940841940132,0.67515092508808994,0.027234370702209423
0.29737343926958476,0.0,0.67591578854158618,0.026710772188828943
0.10723827273992459,0.052418065751373227,0.8196822941305737,0.020661367378128251
0.33133806374372099,0.082834515935930247,0.55619379979283168,0.029633620527516922
0.40374921687238186,0.020077825528174432,0.56359699284111342,0.01257596475833057
0.19878026014333222,0.049695065035833055,0.70922066785519366,0.04230400696564119
0.27699997132311116,0.075361096528156077,0.63727123462841795,0.010367697520314936
0.29603654795511053,0.030449246786237949,0.65477193331337558,0.018742271945275897
0.32585869592347549,0.041570446073821175,0.61819192723355676,0.014378930769146314
0.20503481850328317,0.035046927423104113,0.75048626889600434,0.0094319851776082219
0.3647670935567966,0.091822634637970441,0.53888235525995098,0.004527916545281876
0.5870762595875515,0.019315825810817842,0.37526808505478815,0.018339829546842715
0.21186426525248706,0.14124284350165806,0.51572769128220441,0.13116519996365048
0.41379739893858308,0.088556127368210294,0.48455921228607601,0.013087261407130317
0.32193616575448886,0.047096501659614987,0.59036664839823749,0.040600684187658408
0.24265155082590359,0.0,0.74073951143995787,0.016608937734138855
0.27180567841886588,0.06795141960471647,0.56918916649248996,0.091053735483927756
0.4076451792429856,0.043190583728528333,0.5397693710835173,0.0093948659449687808
0.18115062343867877,0.041434223941145647,0.77416194447672904,0.0032532081434461608
0.15983765470132766,0.022085322976493897,0.80927360062049325,0.0088034217016852816
0.15094248894840778,0.045246409560019407,0.77333010889598119,0.030480992595591349
0.19005751884971511,0.019429885679964235,0.7796522252245498,0.010860370245770808
0.18439812717523085,0.045978190518712811,0.76735418020818436,0.0022695020978722078
0.35515850287969092,0.0,0.61654394150671998,0.028297555613589036
0.12878511647718219,0.13217206698220368,0.73661996489480552,0.0024228516458087378
0.28105583139874968,0.058203563079712584,0.65550097129868257,0.005239634222855177
0.31833637551024696,0.057974464251459558,0.58569220679156198,0.037996953446731513
0.62303611931528269,0.043301769077449384,0.28445808780287341,0.049204023804394564
0.4298722405730378,0.036252797338757262,0.49785229042989954,0.036022671658305312
0.50548208893630941,0.0,0.46406660377585268,0.030451307287837896
0.23105835182252235,0.065527655880954647,0.67565361064543361,0.027760381651089364
0.18608385510710093,0.055304370484993787,0.74415436252409739,0.014457411883808158
0.22563495419229043,0.13210785835983313,0.62043076265974662,0.021826424788129701
0.26069124197650312,0.02094640832828577,0.68614411833756461,0.032218231357646593
0.3265192763195584,0.081629819079889601,0.50552048811581252,0.086330416484739492
0.30182445727700669,0.064094740184607854,0.61859899776077643,0.015481804777609097
0.34453811974331694,0.019205763260320408,0.63102051834762296,0.0052355986487397132
0.19574069194750901,0.13049379463167268,0.65814739731445204,0.015618116106366289
0.31932757686727753,0.024734114802180556,0.63741722113181865,0.018521087198723082
0.46549559856047223,0.11637389964011806,0.3572032369725292,0.060927264826880406
0.072352446873830564,0.016027014627950077,0.90394021689115467,0.0076803216070649655
0.22483544294479324,0.05620886073619831,0.6972047620098385,0.02175093430916979
0.59316817845535463,0.0,0.40224770661228021,0.004584114932365187
0.34706444017378812,0.039993471037062307,0.59844030046939556,0.014501788319754249
0.20253994120698066,0.015445099865971663,0.77656111819981699,0.0054538407272303885
0.086131642806048334,0.021532910701512083,0.85562703011912511,0.036708416373314498
0.16442954363415874,0.0,0.81803853011027117,0.017531926255570127
0.45896035362037185,0.014869986644296115,0.51554112492712989,0.010628534808202224
0.54276475724379669,0.068675857471008517,0.38195574579107383,0.0066036394941206477
0.37947975659230115,0.051453671964519082,0.54337105404086994,0.025695517402309732
0.24546282437602088,0.061365706094005219,0.66866506572469497,0.024506403805278795
0.25014267900862919,0.067459646480842822,0.67051664910369924,0.011881025406828989
0.28885528808385674,0.026619920817870499,0.65894915261479092,0.025575638483481822
0.14260206382037649,0.023368266438423602,0.81445469960222705,0.019574970138972834
0.21240730293535037,0.052171402896145608,0.71822287606074575,0.017198418107758115
0.29083940956585086,0.0186544013550906,0.6824078166927029,0.0080983723863555599
0.4786376318926952,0.023488127230998333,0.46947551326106562,0.028398727615240715
0.19292973773390679,0.048232434433476697,0.66160732330805938,0.097230504524557171
0.43592683253502007,0.025755237126040127,0.52792535459212164,0.01039257574681837
0.56276020116983327,0.0,0.41182551812508733,0.025414280705079468
0.21903497147081394,0.030135022736965243,0.74761877828674161,0.003211227505479758
0.16337778744542089,0.0,0.69503165488284879,0.14159055767173034
0.33379333867908811,0.056599083196191821,0.59984719670480335,0.0097603814199169175
0.14673061329873646,0.045156949698333337,0.80611034304564044,0.0020020939572898918
0.36608125742969505,0.091520314357423763,0.51684238715110598,0.025556041061775177
0.26784335623607591,0.063982492172824243,0.66055134532451376,0.007622806266586111
0.27606560598343405,0.030642676300120481,0.68358949144415737,0.0097022262722882609
0.31724100164510605,0.0069719697493857008,0.65705567703840506,0.018731351567103122
0.45835670700489578,0.0,0.46272728477584163,0.078916008219262659
0.14174611151784938,0.035436527879462346,0.78101616197300339,0.041801198629684976
0.44568790720409213,0.09802745002985401,0.44239669526180769,0.013887947504246155
0.18719676332253032,0.047316861719932823,0.7565596106844702,0.0089267642730671629
0.13981887977444057,0.033952379626973034,0.82359923492731224,0.0026295056712738996
0.39718218799553157,0.052767241756549725,0.54193612007832082,0.0081144501695978571
0.33256986659830112,0.024433288827907858,0.63321065771997376,0.0097861868538173732
0.29147918562126862,0.025115544908620765,0.6710039857377097,0.012401283732400993
0.31027905569355668,0.017151867250857111,0.66491597777185274,0.0076530992837335818
0.40085286884564153,0.091239870833799044,0.50175485062324565,0.0061524096973135075
0.24151752026647508,0.045039137065085194,0.71095213626773812,0.0024912064007021361
0.20345143890858147,0.087740224239905545,0.64148786817163594,0.067320468679876858
0.60757727920451476,0.095352466148599144,0.2563438229882935,0.040726431658592625
0.17637155348334363,0.13956001671724677,0.67190383692668432,0.012164592872725328
0.16172609562271062,0.040431523905677655,0.77107323589359444,0.026769144578017323
0.21713932423401347,0.054284831058503367,0.6987444404097608,0.029831404297722436
0.16129415376744693,0.032620556959117579,0.79945601577608005,0.0066292734973556556
0.1899566050234951,0.047489151255873774,0.74628646366200602,0.016267780058624982
0.37891346961388239,0.094728367403470598,0.49366298016496524,0.032695182817681787
0.18478706986852739,0.1231913799123516,0.59487615721150822,0.097145393007612768
0.47697392850853476,0.031320047770710957,0.45529042467380221,0.036415599046951977
0.19077825694172826,0.047694564235432065,0.63890686226602378,0.12262031655681596
0.4357342417518783,0.077118318367278588,0.48382742586612693,0.0033200140147164113
0.15983701622662724,0.10655801081775149,0.6429915425016719,0.09061343045394929
0.36591235057626792,0.09147808764406698,0.43518442467073382,0.10742513710893134
0.24517102812746433,0.039518451317338631,0.712676792561456,0.0026337279937408225
0.47637250094942341,0.066864372180458889,0.4543312962890757,0.0024318305810420663
0.25030044118705685,0.090945579085326092,0.65608225594410086,0.0026717237835163598
0.47274669154376375,0.029295992020142599,0.48459330227762226,0.013364014158471223
0.19770227336444549,0.044457147260785312,0.75076083055524379,0.0070797488195254721
0.46145884920687191,0.0,0.49339853865156591,0.045142612141562038
0.32753780907222008,0.083336463016831924,0.56098781400351572,0.02813791390743229
0.25864735972936209,0.048222084458100528,0.67046545296417126,0.022665102848366085
0.14541937875137342,0.0,0.7594129756914727,0.095167645557153818
0.46006789188858166,0.12889160900746729,0.39031583744917092,0.020724661654780274
0.45245411706001815,0.11311352926500454,0.35344541237495025,0.080986941300027079
0.17470640887775346,0.064063282185669729,0.74477856358557393,0.016451745351002876
0.28853406030143747,0.054619184319138855,0.64944774054560894,0.0073990148338146169
0.25612165689241911,0.0,0.72708923491634492,0.016789108191235795
0.11915231940106408,0.011081828155107446,0.84787822903813492,0.021887623405693439
0.21738063083241968,0.05434515770810492,0.59154202215856533,0.13673218930091013
0.1778263800593933,0.029421457313848483,0.79085729888612555,0.001894863740632046
0.30194107833204958,0.075485269583012396,0.50873270575227236,0.11384094633266569
0.2390024876374181,0.059750621909354526,0.6340377168346385,0.067209173618588816
0.58913435137362924,0.0,0.34037086301006331,0.07049478561630744
0.62852477468593504,0.14031032487113357,0.2196750813344345,0.011489819108496476
0.11634906598438102,0.017066795979495505,0.86520816725005156,0.0013759707860719354
0.31614103671159394,0.068004079638747869,0.61297052419428633,0.0028843594553722542
0.32067407670697923,0.080168519176744807,0.56334228387327512,0.035815120243000945
0.69959135161271901,0.0,0.23168602742780062,0.068722620959480368
0.34452833877485983,0.057894732925615262,0.58106513372082169,0.016511794578703314
0.2343905478823074,0.050508102725720684,0.70921614546672573,0.0058852039252458065
0.17863545512076581,0.11909030341384388,0.61591810388335022,0.086356137582040082
0.35959903549799643,0.11164117651018626,0.52293575642573109,0.0058240315660861687
0.24781059601819899,0.041941708813061689,0.69947535218138956,0.010772342987349493
0.19288352664576197,0.075809040581939602,0.71686363101578754,0.014443801756510902
0.31033358080195739,0.073683100769948578,0.60853685365551813,0.0074464647725757905
0.15415548276182339,0.04909748136407429,0.77987042956218944,0.016876606311912547
0.32694307684837076,0.0,0.63595782466944106,0.037099098482188245
0.35427285073953263,0.0,0.62632373297931543,0.019403416281152063
0.16168087180300025,0.040420217950750063,0.73313600139135426,0.064762908854895412
0.6281257698955468,0.0,0.33473348351811966,0.03714074658633354
0.41864852266575037,0.1029012551342022,0.47567510773811145,0.0027751144619366543
0.16816244978864867,0.035721986769043222,0.79381492116091146,0.0023006422813967795
0.16896082389917774,0.15697094817952106,0.65359840789758561,0.020469820023715741
0.49215032321514701,0.058579519326902793,0.43876323229616643,0.010506925161783594
0.34603854653825883,0.070042723742919893,0.57774953251410199,0.0061691972047191682
0.41294701149884827,0.10323675287471207,0.42844918103611518,0.055367054590324455
0.55204218775290037,0.0,0.34602013978718288,0.10193767245991676
0.44408808885380768,0.10453107544755286,0.434963075779081,0.016417759919558475
0.21054516192736578,0.053591873102493033,0.70633529488782976,0.029527670082311594
0.35543258899202962,0.10363373113989109,0.52073723835072772,0.020196441517351647
0.1722244418794536,0.027342703124582684,0.7967385472820272,0.0036943077139363367
0.24222695289432986,0.060556738223582464,0.64986362183307611,0.047352687049011397
0.20848515754654573,0.053149708053090466,0.73437702506008662,0.0039881093402773498
0.17304912120665339,0.028396066126826082,0.79145073730970339,0.0071040753568168196
0.22721413154705247,0.039233602565455307,0.69628069232786294,0.037271573559629102
0.27443401189665001,0.068608502974162502,0.57779315028987566,0.079164334839311901
0.29646483606696045,0.04723227101608047,0.64710453703114046,0.009198355885818724
0.35495178052569404,0.19235416982442272,0.42335795386357361,0.029336095786309645
0.19629937371142106,0.031675006687108653,0.73651229233404503,0.035513327267425114
0.19917070102783066,0.023940500423849369,0.76064285294749767,0.016245945600822341
0.37201134810920711,0.21352890901822238,0.40084028963726182,0.013619453235308648
0.14807320013562034,0.093513867952427165,0.74909152590219164,0.0093214060097609967
0.25316224615553606,0.045443114547460195,0.67887181965712207,0.022522819639881723
0.51214411151988182,0.024022093262861793,0.44877934738882785,0.015054447828428215
0.36468782677517592,0.019502843214353353,0.6032534651404039,0.012555864870066977
0.46975643474821493,0.0083571202076531074,0.5129454997448587,0.0089409452992732907
0.20468009785013849,0.094788590044926582,0.64585059635897613,0.054680715745958834
0.44186788984449643,0.065803784587549527,0.48850181686174871,0.003826508706205229
0.31245882987074186,0.078114707467685465,0.58866901164904784,0.020757451012524821
0.27014036347703141,0.062498587394359345,0.66001752145347847,0.0073435276751309805
0.21994336839607262,0.053085597493921138,0.69572381199131073,0.03124722211869544
0.2271027457345686,0.1514018304897124,0.56824548059067026,0.053249943185048845
0.27650726393356095,0.019590175265838387,0.68206527882740564,0.021837281973194757
0.21474983856672364,0.083473609394331585,0.65836842885367519,0.043408123185269619
0.15826465080367572,0.0,0.76720793534309462,0.074527413853229682
0.1454949051400346,0.036373726285008651,0.79578738530102466,0.022343983273932121
0.4242468021560461,0.039336066003177322,0.48731262519022733,0.04910450665054935
0.075902958992815447,0.11385443848922315,0.7056136697638391,0.10462893275412227
0.16328194802142407,0.021375784715840358,0.7998307581340065,0.01551150912872894
0.27455485787028572,0.068638714467571429,0.60251957850242743,0.054286849159715371
0.22060508810834847,0.04775755827171202,0.71736898180895381,0.014268371810985473
0.41781449949454513,0.040939355439275425,0.53942616389810949,0.0018199811680692896
0.1554683665631573,0.063806542722477974,0.75253512285207225,0.02818996786229257
0.22198405915671909,0.033261544435812807,0.74098027501338304,0.0037741213940849887
0.12211980102377828,0.18317970153566737,0.5995715630067161,0.095128934433838297
0.37770679365218207,0.020819684430755783,0.58358481613284052,0.017888705784221637
0.58455958551095122,0.073165697281798378,0.31845066167345087,0.023824055533799578
0.37928741155404194,0.030708266627738741,0.57668700623896219,0.013317315579256981
0.20453798637005019,0.036688886735135012,0.75610253741426892,0.0026705894805459322
0.37376300609769114,0.06689552432282321,0.53065622481786101,0.028685244761624554
0.23733513404685375,0.059333783511713437,0.62800632160909009,0.075324760832342713
0.21561375372394187,0.066996149595396473,0.69871679073199555,0.018673305948665904
0.46971221496918392,0.11742805374229598,0.40179985502674559,0.011059876261774656
0.3595917649137127,0.017246997735711631,0.60747909427464297,0.015682143075932586
0.3640033662272894,0.041189608021028813,0.5760627093566949,0.018744316394986801
0.34631468840865043,0.040993223384832689,0.58986549366563867,0.022826594540878167
0.24809246642905855,0.049637717849940421,0.69703402430293449,0.0052357914180661633
0.097608186039210218,0.052869418979783749,0.81956246947685174,0.029959925504154404
0.41172950562360561,0.15498528856059582,0.40128283117699853,0.032002374638799756
0.31978737665056051,0.010333623613739504,0.64744834161589859,0.022430658119801408
0.61822573571660577,0.034739180509233213,0.31425468163804315,0.032780402136117784
0.36390315603334705,0.032817103243152762,0.58927455601401701,0.014005184709482851
0.1678676128744841,0.071241514503713424,0.71844960973602312,0.042441262885779332
0.35778512298092852,0.0,0.60860861972091274,0.033606257298158672
0.22900371113359605,0.057250927783399012,0.59344161818382923,0.12030374289917566
0.32013663975899309,0.05633120630272926,0.60124669494210492,0.022285458996172722
0.25093031177405173,0.027553106023001334,0.71609823988197563,0.0054183423209713966
0.44477176288707437,0.01307349694875581,0.51919626639322325,0.022958473770946772
0.17918605942023683,0.0,0.73574687112046488,0.085067069459298345
0.12964117581340545,0.086427450542270301,0.66618330175546725,0.11774807188885689
0.26517478243219095,0.048841006650882014,0.68343577236957553,0.0025484385473519668
0.50278834632116742,0.0,0.39555801851852612,0.10165363516030644
0.3577661824916834,0.0097528852721035751,0.60859798849097135,0.02388294374524157
0.25159844508115231,0.062899611270288078,0.60612836506256396,0.079373578585995544
0.37447093609434834,0.057650315663348731,0.54813329098479757,0.019745457257505619
0.79029963677397352,0.0,0.20455596412354893,0.0051443991024775412
0.22576979666083485,0.018662582924495363,0.71612670645849141,0.039440913956178415
0.21846171649701118,0.032213546493967127,0.73775861548241795,0.011566121526603466
0.12920351200602778,0.01580353638404753,0.79906749043797154,0.05592546117195301
0.22921278081234273,0.042406017021725896,0.70429722702984487,0.024083975136086563
0.25819811209175508,0.055588719175363802,0.6806627761189149,0.0055503926139661916
0.27608894367247394,0.069022235918118485,0.60665400555799209,0.048234814851415245
0.4871679899942058,0.0,0.39841114184683912,0.11442086815895505
0.58180444024176736,0.13153320632149529,0.27629019608622885,0.010372157350508528
0.54530194319952341,0.0,0.37398065273881947,0.08071740406165713
0.34127548821333825,0.043302939407424468,0.5942746750274378,0.021146897351799497
0.21519616520058454,0.037946454587047054,0.74255208598625977,0.0043052942261085783
0.13536508880263215,0.026811631002418432,0.81433048459661295,0.02349279559833645
0.49187730076320119,0.0086425221748366986,0.4940307894126264,0.0054493876493357223
0.28685268713332218,0.048288353538722871,0.66351358399310179,0.0013453753348532463
0.36075205246752556,0.052360915513072585,0.58211310597523913,0.0047739260441626834
0.12642116835760175,0.14854630197946808,0.71957760047775754,0.0054549291851725178
0.42226449832586155,0.0,0.56342727026481454,0.014308231409323852
0.40128128233474486,0.099934128706602968,0.47973069744411068,0.019053891514541357
0.22008156189703093,0.034823760156698955,0.70165366251959727,0.043441015426672877
0.48463210130371909,0.12115802532592977,0.37285270919428881,0.021357164176062069
0.26058305813380134,0.065145764533450334,0.64908849042249561,0.025182686910252741
0.24609341160996176,0.06152335290249044,0.652453013797752,0.039930221689795854
0.18582414381838577,0.062592965833112177,0.7444221756717132,0.0071607146767886194
0.22429819431000531,0.027441006246518036,0.72348240494412208,0.024778394499354688
0.15824629980089386,0.07064753982645626,0.69967265728227113,0.071433503090378825
0.10907470143190159,0.027268675357975398,0.74737248709663773,0.11628413611348534
0.35286146993144607,0.0,0.53458948789457172,0.11254904217398221
0.35700210109282077,0.17767873863694561,0.41718845640271512,0.048130703867518457
0.18274918071623261,0.045687295179058153,0.71981719414650613,0.051746329958203011
0.56993079974182881,0.079425980673090965,0.34274389877443917,0.0078993208106407902
0.23468397709980446,0.094840010498797436,0.6586844107128299,0.011791601688568243
0.23934244600338905,0.059835611500847263,0.56137627757835018,0.1394456649174135
0.33184243239920375,0.0087228341093258683,0.64984920333852347,0.009585530152946874
0.11732884547562356,0.030730589446449838,0.84646049060724105,0.0054800744706855519
0.28225283537501994,0.040428900531716466,0.66483321769332016,0.012485046399943064
0.14931654423981094,0.045995522655808425,0.79041864337648204,0.014269289727898482
0.32727080807273912,0.051347820485577282,0.61587169223896143,0.0055096792027221706
0.27260414321092585,0.068151035802731463,0.63915575955367132,0.020089061432671421
0.30212969182579397,0.075532422956448492,0.56326678169373878,0.059071103524018745
0.18274397253975749,0.026061257520018189,0.78380514464501905,0.0073896252952053241
0.32193314374876303,0.080483285937190757,0.53979060985918204,0.057792960454864109
0.42604031302740181,0.068558802524532933,0.50082369174824271,0.0045771926998224534
0.64359367544789992,0.076374331215191021,0.27034621860076591,0.0096857747361431892
0.43315289509243188,0.041858507464259773,0.50941415761532527,0.015574439827982935
0.26912276823093123,0.017904851928084276,0.67782924465742211,0.035143135183562269
0.48145610046330711,0.1502914915584761,0.35994744754336544,0.0083049604348512142
0.29535908555258111,0.032913011573316525,0.66366460749501155,0.0080632953790906372
0.37063752231682945,0.07941308542522002,0.54697198265926561,0.0029774095986848581
0.1758598118220672,0.05367946276667182,0.76781576433067955,0.0026449610805816025
0.33215378277912716,0.0,0.65511752037864668,0.012728696842225763
0.76197988780383752,0.048721905950832714,0.16753009174708874,0.021768114498241189
0.33115360193207483,0.067630862390209795,0.59291963237556178,0.0082959033021535802
0.31633610115901289,0.095920086186883094,0.56683383829500944,0.020909974359094554
0.3452746677685633,0.029431503357533383,0.61236233054058364,0.012931498333319715
0.29181382390764826,0.0,0.60845490351723319,0.099731272575118601
0.27872372745042368,0.031449492639868529,0.68266730904273853,0.0071594708669690463
0.34007815474048131,0.085019538685120327,0.51029193272894313,0.064610373845455149
0.27489116958757154,0.15729054680634369,0.54882575272080258,0.018992530885282289
0.31876388527374044,0.079690971318435111,0.48292851695110811,0.11861662645671639
0.28493351236328307,0.068181681307143652,0.64542725632985176,0.0014575499997211811
0.15640988056756394,0.0089520722102909202,0.82143648247927448,0.013201564742870457
0.1808546411731235,0.031076193621117038,0.76562658850249898,0.02244257670326039
0.13113939567980012,0.070659507348148215,0.78558063077091034,0.012620466201140932
0.25786866068578945,0.057637416354165596,0.68177673191020183,0.0027171910498433602
0.16959861011861069,0.037074808202385345,0.7899194515181357,0.0034071301608687306
0.45599747738613289,0.11981935526339788,0.41818856256902531,0.005994604781444016
0.18190660412521814,0.14514168121836496,0.62548878620961312,0.047462928446803943
0.39100820103194261,0.049947567589928431,0.531251511766062,0.027792719612066745
0.16071059696229487,0.040177649240573717,0.74674047120802955,0.05237128258910189
0.11478286494653514,0.045979065055698667,0.82316563503535412,0.016072434962412053
0.21589491474725114,0.056048447088945998,0.70773928329089708,0.020317354872905792
0.21211752898507336,0.030889885092536262,0.71726434257417415,0.039728243348216147
0.17057532255391694,0.017851100850495911,0.80574663325714557,0.0058269433384415927
0.42782120711694649,0.01783217537260667,0.52311047408084266,0.031236143429604093
0.21959931507358699,0.036718542860787337,0.72644163172281528,0.017240510342810572
0.39729553446048588,0.0,0.58275512600364232,0.019949339535871993
0.26427971765224711,0.043965179187317141,0.6716237578421328,0.020131345318302924
0.20777069623657152,0.0,0.64817142125916871,0.1440578825042598
0.12613514966727904,0.03153378741681976,0.7943928708027852,0.047938192113116007
0.26019810788747083,0.065049526971867708,0.6001388681856008,0.074613496955060615
0.28084175520912141,0.050808221264105842,0.66378495353623379,0.0045650699905387697
0.2552953019958274,0.063823825498956849,0.55516383799742175,0.12571703450779406
0.11197956260209103,0.027994890650522759,0.76223889634856035,0.097786650398825836
0.2693120469661745,0.052510104190439139,0.6746322351397418,0.0035456137036447462
0.29509859364886992,0.09460886410965906,0.60591542542000609,0.0043771168214645521
0.27271390037329446,0.0,0.68947273323346092,0.037813366393244598
0.47797346858086215,0.029347247509455127,0.47733172639606508,0.015347557513617318
0.23658170878667198,0.059145427196667995,0.68043222850806295,0.02384063550859716
0.45356003834970937,0.19113678896892256,0.34403634361426366,0.011266829067104443
0.15557138910667673,0.021628685307082229,0.81833648192918507,0.0044634436570561327
0.32891103365743302,0.084966380079924492,0.57135896453817969,0.014763621724462814
0.21105240919050927,0.052763102297627318,0.69500543493566802,0.041179053576195147
0.2316393757852479,0.057909843946311976,0.6051768609986854,0.10527391926975474
0.25527843525284138,0.038345952041628634,0.70438862975275329,0.0019869829527761527
0.28837377304802508,0.047372915612668071,0.65821184982909386,0.0060414615102131631
0.46926610290780668,0.072872251399363874,0.45155749212229634,0.006304153570533131
0.28989254718445712,0.079007540259265471,0.61263487250365478,0.018465040052622589
0.13871460386634779,0.055207466887005369,0.80042737050012536,0.0056505587465216301
0.2173267654447838,0.05433169136119595,0.66675205128264792,0.061589491911372272
0.21240154051843502,0.0,0.7378395913817053,0.049758868099859632
0.12529680014396563,0.040126339901472546,0.82744320067970867,0.0071336592748530809
0.19996203757085976,0.049990509392714939,0.64317058957767359,0.10687686345875172
0.27128153788233234,0.022090281865945693,0.67901874659275752,0.027609433658964223
0.26679864273065879,0.030128710581089929,0.65645036523821965,0.046622281450031604
0.27578701590809296,0.0,0.65245081551127782,0.071762168580629282
0.34151546508474562,0.0040596142230829224,0.64419972110062962,0.010225199591541865
0.63014145397379862,0.094246826110640891,0.27147825571957662,0.0041334641959841585
0.41392673690884996,0.0,0.530049774224014,0.05602348886713597
0.43754964974172506,0.081217069205295075,0.46911327209823889,0.012120008954741003
0.075745082680227949,0.050496721786818639,0.80914218959682382,0.064616005936129567
0.37878175381873253,0.036027762881886152,0.57281580909261232,0.012374674206769009
0.044352011842886833,0.066528017764330233,0.78787388739909858,0.10124608299368434
0.56497795725058353,0.0,0.40663830095614129,0.028383741793275335
0.25271299457986546,0.061677329135497408,0.66794106764056127,0.017668608644075819
0.29197507689857916,0.046668849538401995,0.65946594253736612,0.0018901310256524769
0.31724912055961429,0.066972129445672421,0.61194592027060801,0.0038328297241060271
0.17748534829125018,0.095880544885151797,0.69753542247257883,0.029098684351019241
0.42749505983711206,0.067457627041348278,0.50040643254095896,0.0046408805805808629
0.36478389873818912,0.023555077899571425,0.60023855504065005,0.011422468321589416
0.24974991039326855,0.064208229664978328,0.66965344278844541,0.01638841715330772
0.48152569068396467,0.054142401542891037,0.46016887221161024,0.004163035561533926
0.16335377209330054,0.10890251472886706,0.68802248592526316,0.039721227252569269
0.24806867214424028,0.062017168036060069,0.66944902942358198,0.02046513039611771
0.25364718226070032,0.015970685283547194,0.72231550102258968,0.0080666314331628575
0.1564558861925569,0.039113971548139226,0.72955517570531359,0.074874966553990271
0.50700055679341682,0.0,0.41527531441526655,0.077724128791316613
0.20629879531850909,0.039000292570828439,0.73911020615918133,0.015590705951480989
0.27914037187505958,0.094931973667711486,0.61868880932603687,0.007238845131192077
0.42555912400243318,0.070273874687823243,0.48364661835074924,0.020520382958994488
0.15587233699836103,0.027898975890685528,0.80777660980032118,0.0084520773106322149
0.24194752575288031,0.087843900974579447,0.66367694106809261,0.0065316322044480773
0.18302449643868668,0.039411425384070935,0.77086690733836361,0.0066971708388788454
0.10751408347102739,0.031120956355831689,0.83822257057411587,0.023142389599024992
0.30781548157875571,0.070908490923222753,0.61322876743227528,0.0080472600657464019
0.58094993873958589,0.12239232409072921,0.29276254808870722,0.0038951890809776281
